0 0.983275 0.628620 0.979987 0.624241 0.971855 0.628857 0.968568 0.638336 0.970293 0.649753 0.972546 0.656069 0.978079 0.646106 0.978776 0.635174
0 0.040039 0.936929 0.037741 0.922285 0.039824 0.918382 0.017122 0.896261 0.024740 0.881993 0.015501 0.875768 0.018281 0.870896 0.009941 0.852029 0.001367 0.857879 0.000000 0.866060 0.000000 0.869726 0.003919 0.876097 0.003685 0.893656 0.027318 0.935941
0 0.084505 0.935832 0.086328 0.918373 0.092741 0.919424 0.100814 0.936015
0 0.140599 0.921527 0.134616 0.914799 0.125638 0.915009 0.123398 0.920896 0.127585 0.929086 0.136406 0.934122 0.142389 0.929086 0.155404 0.913757 0.150618 0.898848 0.142839 0.905567 0.142839 0.920055
0 0.071055 0.910814 0.061328 0.899269 0.054603 0.906618 0.062975 0.920896 0.070306 0.924250 0.078079 0.923410 0.082715 0.916060 0.080176 0.911654 0.083164 0.906618 0.088698 0.905777 0.092591 0.897587 0.082272 0.890658 0.083613 0.887925 0.091243 0.892541 0.095729 0.880996 0.091393 0.870283 0.086758 0.873647 0.083014 0.883099 0.074492 0.873227 0.085560 0.867559 0.085560 0.856005 0.080026 0.850759 0.082865 0.841097 0.071354 0.836060 0.063424 0.840046 0.039499 0.825558 0.034115 0.827450 0.033216 0.835219 0.058490 0.863355 0.063724 0.885192 0.074193 0.892541 0.075840 0.903254
0 0.054525 0.825329 0.060508 0.801389 0.055124 0.774095 0.063945 0.772413 0.067090 0.785430 0.072923 0.774726 0.081445 0.783757 0.082493 0.797614 0.063203 0.824698
0 0.100143 0.804753 0.096100 0.785009 0.087279 0.788793 0.093861 0.810841 0.086680 0.818400 0.090866 0.842130 0.102682 0.843812 0.105527 0.825960 0.119434 0.808739 0.130469 0.830896 0.140039 0.823949 0.126628 0.798995 0.127214 0.795722 0.134238 0.803071 0.153086 0.776197 0.165345 0.778291 0.167891 0.793410 0.175371 0.789214 0.173574 0.757294 0.156673 0.757505 0.156074 0.750786 0.145007 0.751627 0.142917 0.760658 0.133340 0.759186 0.132148 0.769890 0.122572 0.783336 0.109961 0.752285 0.107552 0.746527 0.111654 0.715174 0.107487 0.708958 0.100781 0.713071 0.100326 0.728793 0.096419 0.741773 0.105378 0.779973 0.109564 0.787742 0.113900 0.787322 0.114499 0.798455
0 0.099082 0.692057 0.096986 0.700457 0.093249 0.705283 0.089954 0.709899 0.086367 0.714314 0.080234 0.717038 0.075000 0.714735 0.071413 0.710530 0.071113 0.707596 0.074401 0.701709 0.078438 0.696042 0.084570 0.690585 0.093555 0.683272
0 0.159948 0.714735 0.156361 0.708857 0.150378 0.710740 0.149329 0.718720 0.149329 0.727751 0.149629 0.736152 0.155762 0.738044 0.159648 0.732367 0.161146 0.718090
0 0.206908 0.748117 0.196738 0.757569 0.190456 0.767441 0.193164 0.780073 0.202604 0.769927 0.211992 0.770165 0.221569 0.766179 0.219622 0.755256 0.213490 0.749168
0 0.293503 0.734049 0.286328 0.739296 0.282884 0.749168 0.289466 0.755046 0.296947 0.749378 0.300534 0.744342 0.299935 0.736782
0 0.311751 0.788647 0.306966 0.786755 0.303073 0.790960 0.305169 0.799771 0.311152 0.801243 0.312949 0.792633
0 0.414049 0.828126 0.406569 0.825814 0.399089 0.821609 0.392363 0.817834 0.387578 0.820777 0.389668 0.829589 0.397148 0.833583 0.407318 0.839040 0.408965 0.849543 0.411953 0.855841 0.418984 0.853318 0.416439 0.837358
0 0.493613 0.836106 0.487780 0.835475 0.484186 0.839040 0.483594 0.846389 0.486432 0.852267 0.493464 0.853528 0.496289 0.842230
0 0.442910 0.864662 0.439473 0.861298 0.434687 0.864662 0.430352 0.866545 0.425117 0.869068 0.427956 0.877678 0.432891 0.882715 0.437826 0.887550 0.440671 0.893218 0.440671 0.900146 0.436478 0.902669 0.428704 0.893848 0.422871 0.888181 0.414648 0.891746 0.417187 0.900146 0.421973 0.909177 0.428555 0.916737 0.436478 0.917578 0.443060 0.915686 0.448743 0.918208 0.455625 0.924506 0.458314 0.928492 0.455475 0.933748 0.453828 0.935420 0.474466 0.936051 0.468483 0.932276 0.468483 0.925768 0.466842 0.920302 0.462949 0.913163 0.458314 0.907495 0.452038 0.904342 0.452038 0.898675 0.456224 0.895951 0.460111 0.893428 0.461159 0.887971 0.462949 0.883199 0.456549 0.879086 0.449447 0.876170 0.445651 0.870101
0 0.480078 0.936289 0.482858 0.932751 0.484694 0.929634 0.490007 0.930987 0.492708 0.936005
0 0.519935 0.911609 0.515299 0.907678 0.509512 0.908757 0.508060 0.916618 0.511634 0.921234 0.517331 0.920420 0.519258 0.917706
0 0.577969 0.897916 0.573333 0.894662 0.568503 0.894388 0.565124 0.900082 0.567923 0.906728 0.573333 0.908757 0.577871 0.902797
0 0.571758 0.830037 0.566074 0.826225 0.559740 0.828227 0.560254 0.842203 0.565814 0.843108 0.572409 0.837843
0 0.431270 0.751152 0.426758 0.750457 0.424674 0.743346 0.417565 0.738263 0.412135 0.736271 0.407871 0.740256 0.409440 0.746801 0.416016 0.750603 0.412266 0.757861 0.417435 0.761673 0.417565 0.768931 0.418861 0.772559 0.424674 0.772395 0.433464 0.772029 0.437598 0.768757 0.443294 0.761335 0.435404 0.756234
0 0.435547 0.829982 0.430729 0.823684 0.422253 0.822468 0.421029 0.830713 0.421224 0.839945 0.423828 0.848995 0.430384 0.850896 0.435417 0.847989 0.436458 0.837020
0 0.344212 0.893410 0.338477 0.892413 0.333854 0.897989 0.332292 0.906490 0.332943 0.915265 0.338867 0.918190 0.343001 0.915521 0.347155 0.904589 0.347500 0.898757
0 0.753743 0.824835 0.751426 0.816709 0.745632 0.814104 0.741465 0.823537 0.744245 0.831664 0.747487 0.845978 0.746790 0.855411 0.740534 0.850530 0.732891 0.846627 0.724323 0.853135 0.713203 0.862888 0.710423 0.868419 0.717604 0.872971 0.722233 0.881106 0.730573 0.883053 0.734284 0.874278 0.740768 0.869726 0.747025 0.875247 0.756751 0.881435 0.761152 0.895420 0.775749 0.902249 0.787793 0.882404 0.766712 0.875576 0.761387 0.866472 0.760228 0.850210 0.778066 0.838172 0.774590 0.829068 0.761849 0.829068
0 0.855898 0.936069 0.862852 0.927614 0.875820 0.925018 0.889492 0.921764 0.891341 0.913309 0.882077 0.907130 0.861693 0.915905 0.849186 0.927614 0.846172 0.931517 0.843626 0.910055 0.835514 0.907450 0.827174 0.901920 0.820456 0.890539 0.810267 0.893135 0.810033 0.901600 0.819993 0.911353 0.821849 0.921115 0.826478 0.928921 0.833197 0.935420
0 0.841074 0.873629 0.834590 0.864516 0.823470 0.862569 0.816289 0.870695 0.817448 0.879150 0.829258 0.886307 0.837598 0.885987
0 0.861693 0.902249 0.860072 0.878830 0.860299 0.861261 0.863548 0.851837 0.866094 0.839799 0.864935 0.828419 0.874199 0.811179 0.880918 0.788080 0.870729 0.782230 0.860996 0.791015 0.856133 0.805969 0.850573 0.819305 0.854974 0.835247 0.848027 0.845649 0.842930 0.854762 0.851035 0.860941 0.845710 0.877852 0.844779 0.890539 0.848490 0.897038
0 0.841999 0.810201 0.841536 0.792313 0.834355 0.785484 0.827637 0.794589 0.829258 0.810850 0.835749 0.817358
0 0.926790 0.785484 0.922155 0.773126 0.912422 0.766618 0.907331 0.771819 0.912656 0.787431 0.914740 0.800448 0.917292 0.815082 0.923314 0.815731 0.927018 0.797843
0 0.899674 0.841773 0.897064 0.831801 0.889798 0.825484 0.884440 0.833729 0.887891 0.849086 0.897396 0.850731
0 0.982201 0.885978 0.975625 0.881362 0.968014 0.882815 0.965586 0.892541 0.969570 0.901773 0.975625 0.902258 0.979434 0.893263
0 0.945345 0.800941 0.938594 0.792194 0.933750 0.799973 0.933919 0.810420 0.940326 0.814552 0.945690 0.808473
0 0.975625 0.694287 0.969049 0.689424 0.960052 0.690640 0.954342 0.699150 0.955553 0.709835 0.963340 0.714698 0.969049 0.704973
0 0.906758 0.615567 0.902253 0.609013 0.893600 0.606097 0.887721 0.610713 0.884434 0.626015 0.884258 0.636947 0.888757 0.645448 0.898620 0.645448 0.904505 0.633547
0 0.933229 0.558958 0.927520 0.549488 0.921634 0.543894 0.912982 0.541472 0.910046 0.549488 0.915755 0.556289 0.911602 0.563821 0.908483 0.566974 0.907448 0.574269 0.914889 0.574022 0.911426 0.579854 0.908314 0.584954 0.909349 0.591755 0.919043 0.592733 0.930462 0.589817 0.936198 0.584186 0.936862 0.571590
0 0.960918 0.531508 0.954167 0.531508 0.948457 0.536856 0.946380 0.544872 0.951224 0.550457 0.959186 0.547057 0.961263 0.540740
0 0.972005 0.506764 0.967493 0.503812 0.959876 0.508912 0.961608 0.516929 0.968685 0.516728 0.972005 0.510146
0 0.938939 0.471252 0.932708 0.470283 0.925618 0.472468 0.922500 0.484132 0.929251 0.491417 0.938424 0.488748 0.942227 0.479031
0 0.890312 0.538062 0.891530 0.527623 0.882526 0.527623 0.878372 0.533208 0.876126 0.543656 0.884603 0.547057 0.890488 0.543656
0 0.891178 0.558236 0.884089 0.555320 0.874395 0.558473 0.871283 0.567221 0.868509 0.571837 0.865397 0.574269 0.866953 0.578638 0.874225 0.578638 0.881315 0.575969 0.887891 0.570868 0.890488 0.565037
0 0.736829 0.728784 0.736478 0.744817 0.735618 0.757212 0.735443 0.769360 0.733366 0.776892 0.726445 0.774223 0.721250 0.775923 0.721426 0.782477 0.729902 0.788556 0.733021 0.786856 0.733711 0.800941 0.740462 0.807020 0.745996 0.800704 0.745130 0.789525 0.748770 0.787340 0.752572 0.792441 0.766589 0.792441 0.769362 0.785155 0.765723 0.778108 0.746693 0.774945 0.742363 0.774223 0.745996 0.762559 0.752917 0.743117 0.752227 0.733163 0.745996 0.724653 0.741341 0.722486
0 0.041341 0.609049 0.034284 0.602230 0.024368 0.608629 0.026562 0.622943 0.040430 0.622121
0 0.127734 0.600969 0.124967 0.608254 0.122025 0.618218 0.118561 0.625265 0.113372 0.626965 0.103685 0.617486 0.094167 0.623803 0.088281 0.637898 0.091048 0.643967 0.105241 0.644214 0.131198 0.641782 0.129290 0.626965 0.134134 0.618218 0.138607 0.608501 0.133275 0.600238
0 0.196608 0.689644 0.192279 0.714424 0.185534 0.721956 0.179128 0.719040 0.183105 0.688921 0.182415 0.677258 0.174974 0.673364 0.176185 0.655631 0.185703 0.651984 0.190723 0.665594 0.197122 0.670210 0.202487 0.655146 0.213561 0.652962 0.218060 0.636435 0.219414 0.608309 0.222253 0.587505 0.230469 0.585612 0.231973 0.603684 0.241094 0.605146 0.245729 0.617678 0.235299 0.623537 0.233444 0.634909 0.238776 0.646618 0.242480 0.657038 0.231367 0.660932 0.229518 0.662559 0.229518 0.671984 0.226732 0.679470 0.215846 0.679150 0.205658 0.684662
0 0.323893 0.696344 0.314915 0.692002 0.304362 0.696618 0.295358 0.704881 0.297956 0.714845 0.309375 0.718729 0.317682 0.717267 0.327201 0.709250 0.327546 0.703181
0 0.259368 0.661143 0.248438 0.658684 0.241536 0.663620 0.237220 0.671353 0.246563 0.679369 0.255215 0.677185 0.259193 0.668675
0 0.274251 0.625914 0.269753 0.633446 0.266120 0.643894 0.271829 0.652157 0.283073 0.656773 0.291556 0.661874 0.294668 0.666005 0.303665 0.666005 0.301419 0.653620 0.300208 0.651188 0.314915 0.646572 0.321146 0.645356 0.327201 0.643410 0.333431 0.637093 0.332565 0.624945 0.317858 0.624945 0.305918 0.621298 0.299167 0.628592 0.288958 0.642194 0.285671 0.640978 0.286706 0.632962 0.288268 0.623729 0.287057 0.621060 0.297266 0.615713 0.298301 0.610128 0.296569 0.602834 0.292422 0.594817 0.286882 0.587779 0.279095 0.579516 0.266810 0.570283 0.261966 0.564452 0.267845 0.556920 0.275807 0.558867 0.279785 0.567605 0.288613 0.558867 0.294323 0.573437 0.303496 0.575384 0.321146 0.571984 0.320280 0.558867 0.309863 0.552112 0.299844 0.546865 0.294147 0.538263 0.286966 0.544963 0.278008 0.542029 0.275169 0.529634 0.264837 0.520402 0.285775 0.507596 0.285638 0.498364 0.279805 0.489113 0.265892 0.499196 0.252878 0.501499 0.256009 0.485128 0.261100 0.467075 0.257363 0.455320 0.250488 0.438501 0.244505 0.433473 0.248242 0.427377 0.265150 0.448583 0.283835 0.438720 0.310000 0.435146 0.320469 0.420037 0.331699 0.410804 0.324362 0.400091 0.355319 0.379707 0.369681 0.400091 0.381641 0.388336 0.369388 0.367751 0.386882 0.364598 0.398704 0.358080 0.395104 0.351792 0.383887 0.352614 0.371621 0.353254 0.372070 0.349068 0.379095 0.339616 0.385534 0.335420 0.395104 0.340859 0.405280 0.334150 0.402285 0.327011 0.386139 0.321545 0.387923 0.313574 0.424121 0.312093 0.438483 0.306654 0.438327 0.289835 0.430990 0.283547 0.420228 0.295302 0.412598 0.296353 0.422480 0.282697 0.410814 0.280823 0.401680 0.293218 0.397799 0.293410 0.411855 0.266124 0.434746 0.257084 0.436237 0.240494 0.435039 0.222852 0.436979 0.211728 0.429661 0.206069 0.420833 0.211316 0.422617 0.227468 0.405280 0.242386 0.394512 0.229589 0.384635 0.231892 0.384342 0.244479 0.390326 0.267166 0.385983 0.273245 0.386432 0.287340 0.379251 0.268629 0.373574 0.271152 0.370273 0.290055 0.371777 0.304342 0.369388 0.321545 0.363698 0.312532 0.356217 0.314397 0.356217 0.327422 0.362656 0.333300 0.353470 0.355265 0.343262 0.364351 0.330729 0.350192 0.327233 0.363263 0.309395 0.365420 0.304479 0.403537 0.294147 0.383766 0.276895 0.403053 0.265286 0.410923 0.258073 0.400530 0.250078 0.407550 0.249069 0.399973 0.255267 0.381408 0.243659 0.369598 0.236250 0.385073 0.228444 0.385923 0.225247 0.397998 0.229447 0.403053 0.227650 0.419945 0.217630 0.432020 0.210846 0.441755 0.198561 0.438190 0.197174 0.445987 0.199961 0.460293 0.208529 0.454781 0.217786 0.459644 0.226595 0.458016 0.221732 0.445329 0.226595 0.442413 0.238880 0.450868 0.231921 0.457038 0.241647 0.468748 0.240267 0.480804 0.224967 0.479488 0.222422 0.489890 0.224967 0.499653 0.241178 0.500311 0.238411 0.506819 0.229603 0.508428 0.229089 0.516005 0.241029 0.523291 0.218529 0.523784 0.214375 0.533985 0.206074 0.537139 0.194993 0.533985 0.193613 0.547587 0.202956 0.557313 0.224069 0.555366 0.228913 0.551481 0.255039 0.543702 0.242754 0.562166 0.245872 0.572614 0.248294 0.581600 0.253314 0.584762 0.251751 0.599095 0.251406 0.613428 0.252793 0.620960 0.261270 0.615622 0.262656 0.602742 0.269577 0.615375
0 0.046719 0.526106 0.041335 0.526106 0.038822 0.534671 0.046719 0.541225 0.050664 0.533163
0 0.117760 0.458601 0.106641 0.467669 0.099108 0.461627 0.107715 0.449534 0.115612 0.448528
0 0.000000 0.426874 0.011914 0.433410 0.017650 0.438949 0.017292 0.450539 0.004733 0.451545 0.000788 0.447514
0 0.093223 0.308885 0.086523 0.319049 0.074727 0.328455 0.062129 0.325073 0.063203 0.313784 0.066686 0.305503 0.077142 0.297221 0.087324 0.298355
0 0.000000 0.325302 0.010671 0.329963 0.022194 0.334479 0.031042 0.338245 0.036934 0.332221 0.045514 0.331088 0.051413 0.340119 0.055430 0.349534 0.062936 0.364205 0.060521 0.376252 0.049531 0.376627 0.034792 0.355548 0.022728 0.356682 0.005306 0.355548 0.000000 0.351453
0 0.000000 0.247075 0.005039 0.250932 0.012546 0.254698 0.016836 0.247176 0.014687 0.237011 0.008255 0.227980 0.010404 0.226097 0.020052 0.229488 0.025143 0.220832 0.020853 0.214808 0.028626 0.201636 0.033203 0.187751 0.021940 0.187751 0.014974 0.197898 0.002865 0.211060 0.000749 0.216316 0.000000 0.230384
0 0.000182 0.204415 0.008835 0.191782 0.015241 0.183035 0.016797 0.173803 0.014720 0.163839 0.010397 0.158254 0.005033 0.157770 0.000000 0.163464 0.000000 0.189954
0 0.041888 0.148291 0.040332 0.138574 0.034622 0.134442 0.024928 0.139305 0.018874 0.149753 0.021126 0.162139 0.024238 0.169433 0.028737 0.178903 0.035286 0.170384 0.037565 0.156792
0 0.068366 0.171133 0.076322 0.179634 0.086361 0.185466 0.089824 0.192514 0.091797 0.203473 0.076667 0.205384 0.073555 0.196399 0.061445 0.187651 0.051406 0.175987 0.052793 0.164570 0.059245 0.151097 0.061393 0.135740 0.063867 0.124241 0.075632 0.134205 0.081172 0.131527 0.077018 0.115009 0.082552 0.114525 0.089193 0.095155 0.094147 0.080512 0.104531 0.070786 0.110931 0.078080 0.109551 0.089744 0.104531 0.093382 0.102279 0.106746 0.110547 0.117550 0.094837 0.123757 0.095358 0.128857 0.110410 0.128857 0.126335 0.129589 0.128568 0.137770 0.127604 0.150731 0.118861 0.156865 0.107487 0.156042 0.098216 0.149534 0.093281 0.146152 0.082500 0.152468 0.076374 0.158547
0 0.000000 0.291527 0.005859 0.291773 0.009896 0.298446 0.012891 0.305027 0.007812 0.308958 0.000313 0.308775 0.000000 0.296819
0 0.048346 0.492048 0.044460 0.488684 0.039076 0.490366 0.036387 0.492888 0.038327 0.501079 0.044160 0.505064 0.049544 0.501079 0.050892 0.494991
0 0.232174 0.149506 0.227773 0.143035 0.220964 0.146408 0.218965 0.162157 0.228776 0.161874
0 0.313665 0.193355 0.313021 0.184278 0.303255 0.184644 0.297051 0.189141 0.301823 0.199817 0.310482 0.201828 0.313281 0.197898
0 0.391549 0.184077 0.384544 0.186325 0.372930 0.191947 0.373327 0.198702 0.378939 0.206289 0.386914 0.203473 0.392969 0.197898 0.394141 0.193053
0 0.466628 0.223995 0.458822 0.221188 0.450215 0.221472 0.445007 0.227651 0.446406 0.238336 0.449609 0.243958 0.456823 0.243958 0.459225 0.250420 0.463828 0.253236 0.471237 0.247331 0.474837 0.240585 0.472637 0.229059
0 0.513997 0.210293 0.507415 0.204625 0.498145 0.198537 0.488125 0.200000 0.489167 0.203995 0.494401 0.213446 0.497995 0.216801 0.503978 0.221846 0.512500 0.221389 0.516237 0.216170
0 0.432467 0.146042 0.427663 0.149808 0.424759 0.154991 0.423529 0.163144 0.424759 0.172870 0.427773 0.178675 0.436152 0.181499 0.444421 0.180082 0.440957 0.172550 0.432689 0.162048 0.437604 0.154991 0.435592 0.150594
0 0.460651 0.171472 0.464974 0.180219 0.471901 0.179973 0.476224 0.171709 0.475879 0.162477 0.475879 0.158108 0.482813 0.154570 0.494401 0.146801 0.501491 0.139397 0.502005 0.132358 0.504434 0.106115 0.509102 0.088135 0.496126 0.085466 0.492493 0.097852 0.492493 0.121910 0.483665 0.124826 0.473112 0.121179 0.460475 0.123126 0.457188 0.131143 0.459440 0.140375 0.453385 0.156654 0.456152 0.166371
0 0.466719 0.024433 0.459538 0.019552 0.453281 0.026709 0.455371 0.040366 0.464401 0.041993 0.468555 0.035466
0 0.869661 0.095978 0.860397 0.095987 0.851126 0.105740 0.843717 0.113876 0.849277 0.121353 0.856458 0.115503 0.865260 0.110622 0.872656 0.106399
0 0.872676 0.164616 0.867578 0.156810 0.859004 0.155503 0.854141 0.164616 0.858776 0.173720 0.867116 0.180878 0.874297 0.175996
0 0.783659 0.195978 0.780703 0.188355 0.774681 0.182176 0.766576 0.188035 0.765417 0.199744 0.772598 0.211773 0.782096 0.212751 0.785801 0.206243
0 1.000000 0.580018 0.995905 0.584159 0.992448 0.592413 0.993659 0.599461 0.999883 0.598729 1.000000 0.592486
0 0.822344 0.524634 0.816113 0.525841 0.811270 0.531920 0.812480 0.540667 0.817155 0.543099 0.822520 0.538720 0.825456 0.530439
0 0.811445 0.488190 0.807637 0.485274 0.801751 0.487459 0.797598 0.495229 0.793275 0.504223 0.797773 0.509324 0.805404 0.504936 0.810059 0.497422
0 0.773027 0.512724 0.768353 0.510786 0.761087 0.514424 0.758145 0.519040 0.761087 0.528519 0.769564 0.527550 0.775260 0.521481
0 0.859206 0.461709 0.852975 0.455384 0.847266 0.458793 0.842936 0.466810 0.836185 0.469232 0.836882 0.481874 0.843802 0.484543 0.849167 0.484543 0.852975 0.489890 0.859896 0.481353 0.859375 0.470210
0 0.836706 0.417239 0.828574 0.426481 0.826152 0.434497 0.824421 0.445183 0.812480 0.443483 0.810404 0.434250 0.816810 0.429881 0.822520 0.423803 0.822689 0.406801 0.826152 0.402907 0.832383 0.404369 0.834974 0.409223
0 0.942624 0.323035 0.936816 0.318254 0.931810 0.326124 0.932422 0.334552 0.939219 0.334561 0.941419 0.330622
0 0.912357 0.328291 0.909896 0.322486 0.902305 0.322020 0.896829 0.323583 0.894707 0.327980 0.898392 0.335978 0.906100 0.339269 0.910566 0.334250
0 0.851003 0.334278 0.845983 0.335494 0.843040 0.339132 0.843216 0.341316 0.853079 0.340110 0.860514 0.338163 0.865710 0.340110 0.868822 0.344963 0.863809 0.350795 0.857747 0.354680 0.848060 0.358574 0.843561 0.355658 0.841654 0.353227 0.834909 0.358574 0.827637 0.355174 0.830065 0.349095 0.834564 0.341810 0.834388 0.333062 0.837676 0.326746 0.839408 0.323830 0.834733 0.317751 0.832656 0.312166 0.830755 0.301965 0.834564 0.292002 0.840443 0.291033 0.843561 0.296371 0.844596 0.304881 0.845638 0.310466 0.850827 0.312898 0.854460 0.297102 0.857057 0.287870 0.864668 0.284954 0.875052 0.276453 0.883535 0.271837 0.886992 0.276938 0.888203 0.292733 0.886126 0.297349 0.884915 0.313867 0.877129 0.321645 0.871419 0.318729 0.875397 0.298565 0.869342 0.316782 0.865710 0.319214 0.855846 0.319698 0.854290 0.328684
0 0.822572 0.339452 0.815365 0.337477 0.806556 0.338885 0.797949 0.345631 0.802148 0.354351 0.809961 0.353227 0.819772 0.351252 0.822773 0.347322
0 0.750495 0.317523 0.747721 0.329342 0.755703 0.331298 0.764512 0.336920 0.768913 0.340293 0.770716 0.344790 0.777526 0.348720 0.781530 0.362779 0.779727 0.379927 0.775911 0.393144 0.783529 0.403821 0.782331 0.413382 0.774121 0.415631 0.781328 0.427157 0.772520 0.439799 0.754102 0.439525 0.754759 0.447642 0.750436 0.457121 0.743008 0.467349 0.736940 0.481435 0.725352 0.484835 0.723444 0.468565 0.733320 0.455686 0.738424 0.434607 0.744831 0.418803 0.736341 0.416389 0.732539 0.405704 0.725970 0.415905 0.720605 0.411042 0.724590 0.393053 0.729596 0.388702 0.736523 0.392102 0.742747 0.396234 0.752096 0.398400 0.755039 0.407139 0.752780 0.414927 0.756243 0.416389 0.764368 0.404973 0.767311 0.383839 0.763893 0.356115 0.753997 0.353812 0.749212 0.341188 0.737103 0.333007 0.739063 0.319351 0.742650 0.313702 0.746829 0.313272
0 0.341029 0.347294 0.341374 0.338547 0.341543 0.329808 0.343451 0.320082 0.339818 0.309644 0.337220 0.299433 0.331680 0.294333 0.329232 0.293876 0.324759 0.288985 0.315417 0.292633 0.313164 0.302596 0.318704 0.307697 0.320091 0.324214 0.328223 0.329077 0.330469 0.346079 0.335319 0.348995
0 0.386120 0.430823 0.380755 0.436170 0.377467 0.450265 0.371758 0.459013 0.370378 0.469945 0.375742 0.472614 0.383529 0.483062 0.393906 0.482331 0.395469 0.468729 0.388542 0.461197 0.390618 0.445155 0.391139 0.432770
0 0.335423 0.488163 0.331094 0.480878 0.323483 0.475046 0.312233 0.480878 0.303757 0.494963 0.304271 0.506143 0.315521 0.509790 0.323177 0.502285 0.330078 0.495430
0 0.421595 0.498364 0.418483 0.502980 0.419518 0.517075 0.411211 0.521444 0.403945 0.512706 0.400833 0.507843 0.393392 0.510996 0.379720 0.507843 0.370026 0.500558 0.364147 0.498364 0.357741 0.505896 0.348398 0.508574 0.343034 0.509543 0.334902 0.509059 0.331270 0.501042 0.334036 0.493995 0.340091 0.491810 0.349264 0.491079 0.356706 0.487194 0.362415 0.482331 0.367435 0.479899 0.380410 0.486463 0.389753 0.490347 0.400482 0.486709 0.415540 0.485978 0.420560 0.489132
0 0.349681 0.519634 0.342956 0.515091 0.335977 0.516728 0.336107 0.526892 0.340111 0.534333 0.347871 0.533784 0.349414 0.528154
0 0.425521 0.538757 0.421875 0.527148 0.415885 0.528793 0.410807 0.538665 0.411055 0.552633 0.421224 0.552102
0 0.366927 0.611974 0.360319 0.609552 0.354531 0.612806 0.350195 0.621664 0.352865 0.627239 0.360091 0.629397 0.367383 0.623218
0 0.470371 0.499040 0.470671 0.502605 0.473359 0.507861 0.479941 0.513739 0.486074 0.520878 0.485475 0.530329 0.473958 0.540612 0.458854 0.542715 0.452572 0.525704 0.459004 0.515841 0.461842 0.500512 0.454967 0.510795 0.448535 0.506389 0.448385 0.500302 0.439863 0.504287 0.434030 0.503867 0.432832 0.490219 0.437018 0.485183 0.447786 0.487066 0.457357 0.473419 0.466335 0.477203 0.479941 0.478464 0.495046 0.477203 0.504173 0.478885 0.513594 0.484342 0.526003 0.490219 0.524961 0.498199 0.519128 0.509122 0.519427 0.523821 0.512246 0.525073 0.505964 0.514159 0.504915 0.498620 0.487721 0.497148
0 0.572070 0.547121 0.557116 0.539360 0.549336 0.539150 0.548737 0.547962 0.555618 0.553428 0.563392 0.559095 0.569674 0.554680
0 0.588542 0.567093 0.586725 0.560777 0.577604 0.564342 0.577214 0.573766 0.582096 0.578793 0.586576 0.575055
0 0.612689 0.632386 0.607591 0.622303 0.602493 0.612870 0.593457 0.609296 0.588359 0.620676 0.595313 0.634991 0.600410 0.642797 0.597396 0.659378 0.595775 0.675320 0.601797 0.677276 0.606198 0.666216 0.613613 0.658410 0.615469 0.646371 0.614076 0.639543
0 0.531855 0.484077 0.530475 0.494287 0.527188 0.504973 0.524935 0.518821 0.529264 0.521252 0.543451 0.514205 0.549336 0.504973 0.550723 0.502057 0.556432 0.505951 0.561100 0.503035 0.570794 0.509835 0.584980 0.515905 0.592253 0.511536 0.604362 0.509104 0.611628 0.502788 0.612148 0.495018 0.593288 0.492824 0.581523 0.498172 0.576328 0.486508 0.562109 0.490402 0.543626 0.479707 0.537572 0.479707
0 0.510228 0.404634 0.494310 0.388355 0.490846 0.395402 0.495345 0.413867 0.500540 0.434278 0.508841 0.435247 0.521823 0.434278 0.527188 0.426015 0.524245 0.411920 0.518535 0.408282
0 0.475273 0.373784 0.463158 0.398071 0.464199 0.401481 0.443952 0.429899 0.436341 0.436709 0.422839 0.438894 0.423704 0.448126 0.435645 0.452011 0.447591 0.454936 0.470599 0.427230 0.480293 0.399771 0.483581 0.387139
0 0.589655 0.348199 0.585501 0.355238 0.568542 0.357185 0.559199 0.347221 0.546738 0.364963 0.536706 0.375896 0.527188 0.405777 0.545703 0.417194 0.568717 0.418172 0.561621 0.396792 0.569928 0.380265 0.593809 0.370795 0.593464 0.352084
0 0.668906 0.380512 0.671504 0.389982 0.683965 0.385612 0.682233 0.373464 0.674447 0.364232 0.661120 0.356700 0.656621 0.353053 0.665618 0.338967 0.660085 0.332888 0.640007 0.338236 0.631361 0.332888 0.640358 0.309570 0.638105 0.302523 0.630495 0.304223 0.620801 0.315887 0.627897 0.289644 0.643971 0.279461 0.643711 0.265539 0.665410 0.249753 0.665410 0.240713 0.669844 0.229973 0.673132 0.249168 0.674544 0.254662 0.681315 0.252468 0.685417 0.244799 0.687148 0.238236 0.677109 0.233135 0.677285 0.228272 0.689740 0.226325 0.699258 0.232157 0.710332 0.226088 0.713796 0.218556 0.707389 0.213208 0.691302 0.208592 0.707962 0.189186 0.724108 0.187724 0.729492 0.194433 0.738021 0.194232 0.736133 0.176380 0.714922 0.174406 0.717513 0.171883 0.733939 0.169625 0.734147 0.156993 0.737936 0.143775 0.729941 0.139835 0.715716 0.154735 0.705508 0.135905 0.694102 0.143775 0.702493 0.164013 0.692285 0.161197 0.685885 0.167386 0.688685 0.181728 0.679479 0.183985 0.669876 0.211508 0.663268 0.208985 0.656654 0.216856 0.655794 0.232815 0.654492 0.231901 0.654460 0.218556 0.642637 0.203665 0.637031 0.210128 0.641016 0.241316 0.617012 0.277303 0.613281 0.287569 0.609831 0.318830 0.605000 0.331846 0.595781 0.338309 0.598392 0.350384 0.609206 0.354314 0.618203 0.340832 0.624818 0.339982 0.629232 0.345037 0.652246 0.367249
0 0.714382 0.275119 0.705339 0.275841 0.698874 0.283647 0.700814 0.297989 0.689193 0.303291 0.687760 0.295430 0.691634 0.286554 0.685430 0.284196 0.676758 0.280165 0.667969 0.265174 0.671471 0.258236 0.681576 0.259689 0.685286 0.267093 0.691374 0.271124 0.706113 0.260777 0.718262 0.258784 0.730026 0.260960 0.736100 0.267495 0.740104 0.283647 0.739714 0.294059 0.730286 0.295082 0.727051 0.281837 0.723698 0.275868
0 0.709512 0.341920 0.706133 0.338126 0.700723 0.339214 0.697253 0.345448 0.703333 0.351682 0.709225 0.347751
0 0.474023 0.358684 0.480605 0.356042 0.486139 0.362358 0.487695 0.373492 0.493926 0.378885 0.512617 0.381069 0.522650 0.367706 0.529948 0.361426 0.530990 0.353382 0.524036 0.348757 0.526803 0.340740 0.533724 0.335640 0.537878 0.331746 0.542031 0.324214 0.541341 0.316197 0.547331 0.315448 0.553255 0.310695 0.555703 0.303812 0.565566 0.302596 0.569896 0.306481 0.569199 0.318382 0.569896 0.325914 0.575254 0.324461 0.581315 0.317898 0.591348 0.308912 0.589622 0.299433 0.580618 0.294086 0.571107 0.298218 0.567298 0.290686 0.561413 0.286069 0.571276 0.275137 0.576641 0.268336 0.573529 0.259835 0.567298 0.260073 0.570241 0.253519 0.579759 0.244040 0.587370 0.232861 0.584603 0.226545 0.578893 0.224607 0.579063 0.212943 0.583216 0.206143 0.588581 0.202249 0.599310 0.197148 0.603809 0.186700 0.601042 0.183784 0.601211 0.172614 0.596367 0.170430 0.588060 0.180878 0.582871 0.187916 0.577161 0.179899 0.570410 0.183062 0.569896 0.191316 0.561413 0.192779 0.562969 0.210027 0.565046 0.212459 0.565911 0.231654 0.561934 0.231892 0.557956 0.225823 0.549818 0.228245 0.549505 0.233501 0.551914 0.251764 0.552363 0.259954 0.549661 0.268995 0.553555 0.275091 0.547728 0.285174 0.539642 0.290420 0.538001 0.300914 0.532012 0.302377 0.513913 0.290832 0.504049 0.294817 0.505951 0.308665 0.515645 0.313282 0.513568 0.320576 0.516510 0.330046 0.514089 0.339278 0.508203 0.361143 0.502493 0.365037 0.490553 0.342441 0.481055 0.340037 0.472383 0.327861 0.461999 0.330046 0.460618 0.338547 0.467884 0.346325
0 0.802344 0.276865 0.797669 0.271033 0.790052 0.269333 0.790228 0.278080 0.793340 0.285366 0.795768 0.292898 0.803379 0.290466 0.803203 0.281481
0 0.778809 0.261801 0.776035 0.251837 0.768750 0.252285 0.765495 0.263985 0.764258 0.273949 0.767904 0.285850 0.773112 0.286380 0.774310 0.279049 0.775176 0.270302
0 0.663040 0.416325 0.659583 0.408793 0.654909 0.411709 0.651966 0.419726 0.655944 0.425064 0.660098 0.422148
0 0.718932 0.499168 0.712357 0.494799 0.701628 0.495283 0.698516 0.503053 0.702839 0.510347 0.708203 0.510832 0.715820 0.506947
0 0.673079 0.532212 0.663906 0.529781 0.656810 0.536344 0.657676 0.546060 0.668750 0.548976 0.676536 0.541197
0 0.814746 0.616005 0.825957 0.618254 0.842376 0.616005 0.847982 0.609817 0.839570 0.603071 0.847181 0.589854 0.853184 0.577212 0.857793 0.563437 0.856992 0.551627 0.838372 0.552194 0.833965 0.562870 0.833164 0.576362 0.826361 0.589854 0.818750 0.600256
0 0.709017 0.541974 0.721823 0.532742 0.739648 0.531042 0.749681 0.534936 0.762142 0.541974 0.763008 0.554854 0.760931 0.565548 0.753490 0.561654 0.748470 0.552669 0.737396 0.550722 0.724941 0.553154 0.712480 0.549991
0 0.735482 0.586472 0.726322 0.581819 0.715078 0.582797 0.714557 0.595430 0.723379 0.603199 0.733418 0.600777 0.736719 0.593236
0 0.764909 0.571115 0.773763 0.570201 0.791211 0.575750 0.794010 0.590037 0.797982 0.601005 0.801628 0.609506 0.799694 0.619479 0.800729 0.622157 0.807305 0.619479 0.811458 0.623857 0.810768 0.631627 0.806615 0.639159 0.800729 0.641828 0.801426 0.647660 0.808001 0.648876 0.806615 0.659324 0.795885 0.665155 0.781868 0.667340 0.772005 0.663208 0.766120 0.657386 0.769759 0.650091 0.781003 0.647422 0.785677 0.645238 0.789141 0.635759 0.789141 0.628711 0.783919 0.614899 0.772721 0.599360 0.765605 0.592267 0.750033 0.593729 0.745534 0.586929 0.751068 0.578419 0.757988 0.576234
0 0.830840 0.679004 0.832051 0.672934 0.823919 0.671718 0.818210 0.675356 0.810592 0.675356 0.808516 0.682651 0.813346 0.691865 0.822331 0.691408 0.826686 0.685567
0 0.859766 0.658867 0.852669 0.659324 0.850397 0.664909 0.844661 0.668099 0.841602 0.675320 0.849349 0.679525 0.854375 0.671718
0 0.891211 0.692230 0.885228 0.698985 0.879395 0.699196 0.878796 0.692898 0.881940 0.688062 0.887467 0.685128 0.891211 0.685969
0 0.914414 0.843867 0.906530 0.845686 0.903424 0.850037 0.904590 0.855850 0.911960 0.857294 0.918418 0.851673 0.919714 0.845868
0 0.687467 0.675740 0.681061 0.671801 0.676458 0.675740 0.674655 0.684168 0.679883 0.689214 0.686068 0.686417
0 0.885820 0.397962 0.881536 0.393446 0.874297 0.394205 0.873490 0.400219 0.878047 0.407751 0.886087 0.411892 0.887969 0.405494
0 0.541660 0.820183 0.538646 0.826691 0.532396 0.827340 0.530540 0.820183 0.537493 0.814333
0 0.318750 0.869726 0.316549 0.864671 0.310540 0.867194 0.307337 0.874506 0.308743 0.882093 0.315749 0.877596
