0 0.370046 0.625686 0.364701 0.622761 0.358691 0.624753 0.358613 0.628620 0.362617 0.632020 0.368880 0.631536 0.370312 0.629068
0 0.389427 0.657523 0.380085 0.651207 0.373678 0.656801 0.377142 0.662386 0.382676 0.665055 0.388040 0.662139
0 0.368171 0.577313 0.361582 0.573857 0.356888 0.578565 0.356777 0.586883 0.363704 0.591426 0.369401 0.585923
0 0.307096 0.584826 0.294219 0.579351 0.292428 0.570878 0.287070 0.573391 0.287624 0.588601 0.292318 0.594406 0.303060 0.593144
0 0.341810 0.555192 0.337337 0.552057 0.331198 0.556298 0.331530 0.560686 0.338678 0.561782 0.341582 0.559589
0 0.318125 0.545631 0.308294 0.542176 0.304818 0.548629 0.304427 0.554570 0.305339 0.559781 0.301816 0.565393 0.301699 0.568528 0.311979 0.566819 0.308626 0.558803 0.313672 0.557404 0.315430 0.552834
0 0.341823 0.520466 0.336777 0.518647 0.330964 0.519196 0.330833 0.524095 0.333158 0.527358 0.338457 0.527724 0.342598 0.526453 0.342337 0.523912
0 0.273698 0.524278 0.269434 0.529899 0.265814 0.533894 0.264134 0.536984 0.268659 0.539159 0.274993 0.537340 0.277962 0.532258 0.279258 0.527358 0.276543 0.524278
0 0.268398 0.489250 0.261289 0.486161 0.253385 0.484552 0.252240 0.488346 0.256764 0.494150 0.263490 0.497057 0.267109 0.492340
0 0.210781 0.482706 0.212129 0.471782 0.212578 0.463382 0.210482 0.451207 0.205247 0.452678 0.204056 0.460868 0.204655 0.467587 0.202858 0.473675 0.206445 0.480393
0 0.214427 0.554040 0.203574 0.551856 0.203262 0.562742 0.215046 0.568400
0 0.230391 0.608355 0.227402 0.619068 0.226354 0.625155 0.219173 0.625366 0.219922 0.612770 0.215436 0.606042 0.217526 0.601426 0.225000 0.599726
0 0.309036 0.666399 0.301283 0.661133 0.294303 0.657687 0.291458 0.663309 0.294434 0.670027 0.294694 0.676380 0.295723 0.682907 0.304258 0.681819 0.307747 0.674022
0 0.261875 0.607422 0.258704 0.605667 0.252780 0.605786 0.249525 0.607888 0.251530 0.613044 0.258034 0.615978 0.262546 0.611170
0 0.150228 0.474351 0.158639 0.477724 0.161842 0.484186 0.159238 0.490375 0.152233 0.489534 0.147630 0.485311 0.143620 0.478848 0.144622 0.475759
0 0.110254 0.351097 0.105404 0.353656 0.103014 0.359369 0.104688 0.365631 0.110931 0.367230 0.112956 0.361335 0.113021 0.355484
0 0.237520 0.404552 0.245859 0.400649 0.250495 0.400649 0.254434 0.410731 0.257676 0.417888 0.264857 0.421133 0.271803 0.415612 0.266243 0.405850 0.262305 0.397724 0.263464 0.388940 0.263236 0.364223 0.252344 0.354461 0.252578 0.341453 0.257214 0.330722 0.254408 0.320018 0.243796 0.319726 0.243796 0.327596 0.239186 0.320859 0.245605 0.311563 0.247201 0.298099 0.241803 0.294424 0.235781 0.301444 0.232585 0.302843 0.225384 0.292176 0.220768 0.298912 0.216159 0.303985 0.209349 0.305119 0.210163 0.314095 0.216367 0.320018 0.216139 0.331463 0.223392 0.339013 0.231152 0.338620 0.226055 0.317934 0.226328 0.309644 0.231960 0.307011 0.234902 0.313026 0.231426 0.323208 0.234648 0.334104 0.237057 0.339369 0.241061 0.348803 0.246439 0.361581 0.251536 0.373620 0.249382 0.382267 0.245098 0.388291 0.236523 0.393949 0.232884 0.399570
0 0.188561 0.373492 0.197832 0.383995 0.216673 0.379369 0.216380 0.372651 0.178691 0.347660 0.165228 0.352916 0.164779 0.365091 0.167923 0.371179 0.179434 0.359424 0.178092 0.376435 0.180482 0.387559 0.185716 0.383364
0 0.277962 0.348483 0.280358 0.356901 0.278861 0.361728 0.279909 0.375174 0.295013 0.379982 0.290677 0.367614 0.301296 0.356271 0.301146 0.348483 0.286341 0.349973 0.286491 0.345987 0.279909 0.345750
0 0.315352 0.388821 0.315352 0.394068 0.323431 0.401207 0.321634 0.407294 0.318197 0.408976 0.311465 0.400366 0.305033 0.397431 0.305931 0.385457 0.311914 0.382943
0 0.327539 0.422404 0.318132 0.420439 0.313724 0.425210 0.317728 0.435329 0.323138 0.443483 0.329941 0.441517 0.332344 0.432239
0 0.337552 0.423245 0.345762 0.420713 0.354967 0.406938 0.356973 0.395137 0.357773 0.385018 0.369186 0.386984 0.378594 0.384735 0.384199 0.392322 0.388607 0.399918 0.395612 0.410311 0.404225 0.412002 0.409232 0.406380 0.406426 0.399918 0.412233 0.395695 0.414635 0.381920 0.418040 0.377989 0.430853 0.368154 0.434258 0.360274 0.425846 0.355219 0.418236 0.362523 0.409030 0.366463 0.399616 0.376024 0.400221 0.385576 0.393613 0.383327 0.392012 0.375174 0.387207 0.361682 0.379798 0.347349 0.375592 0.340037 0.357370 0.339479 0.356374 0.348473 0.364180 0.358026 0.366986 0.364771 0.353171 0.369278 0.344759 0.368995 0.342956 0.378547 0.347962 0.386143 0.342754 0.396261 0.335547 0.412002 0.332949 0.417907
0 0.331647 0.262230 0.329245 0.257733 0.325638 0.256609 0.323835 0.262230 0.325039 0.268976 0.330645 0.268135
0 0.256367 0.274314 0.254961 0.279378 0.256367 0.285000 0.263770 0.287249 0.269180 0.277971 0.272982 0.273473 0.290404 0.262788 0.297409 0.256325 0.300612 0.243117 0.293229 0.239762 0.298437 0.227331 0.288802 0.221207 0.276986 0.233272 0.271979 0.245366 0.274186 0.252952 0.266777 0.253510 0.258770 0.265037
0 0.199505 0.276280 0.206510 0.282751 0.208112 0.288373 0.202904 0.300174 0.194297 0.301581 0.173275 0.299616 0.171074 0.306920 0.151452 0.310859 0.150195 0.299269 0.158158 0.299049 0.174473 0.289781 0.185286 0.292029 0.196901 0.293154 0.192298 0.279653 0.193900 0.273757
0 0.135124 0.292751 0.133626 0.295923 0.123457 0.296746 0.121810 0.301380 0.123457 0.305356 0.131087 0.306846 0.139310 0.306399 0.142448 0.303885 0.149180 0.300539 0.149180 0.294854 0.143945 0.288346 0.136621 0.290238
0 0.180990 0.251298 0.176628 0.251764 0.175059 0.254433 0.177520 0.260548 0.186569 0.264314 0.197292 0.258199 0.194733 0.251609 0.192826 0.242038 0.190039 0.235923 0.189805 0.233410 0.192598 0.230183 0.194792 0.225101 0.189616 0.219296 0.182643 0.218574 0.182376 0.232724 0.179674 0.228912 0.179023 0.222934 0.175404 0.214954 0.171908 0.208227 0.165846 0.207861 0.159238 0.211316 0.160143 0.219296 0.160417 0.224927 0.166100 0.230923 0.168939 0.230731 0.169980 0.233099 0.163132 0.235265 0.158861 0.241618 0.152272 0.240347 0.149811 0.230731 0.142057 0.233821 0.139857 0.241079 0.131849 0.245612 0.124863 0.251782 0.118008 0.261408 0.111686 0.270119 0.112454 0.278647 0.114518 0.280640 0.121113 0.274287 0.127702 0.266490 0.133132 0.257413 0.134564 0.251609 0.140371 0.249790 0.148906 0.249424 0.150840 0.258492 0.159512 0.257596 0.167383 0.249424 0.170885 0.246883 0.175788 0.247249
0 0.128900 0.233601 0.128301 0.225411 0.122767 0.219324 0.113496 0.220165 0.116471 0.231261 0.110957 0.228985 0.102728 0.220795 0.095397 0.210713 0.081055 0.212797 0.081491 0.204415 0.071471 0.200841 0.070872 0.196856 0.061751 0.196856 0.053522 0.198958 0.056367 0.207559 0.064590 0.216380 0.071172 0.216801 0.065788 0.220585 0.057415 0.214077 0.047839 0.205676 0.035879 0.197066 0.026901 0.196015 0.021966 0.196015 0.027344 0.204845 0.036471 0.209662 0.042454 0.215539 0.047988 0.221846 0.054720 0.227724 0.060104 0.226042 0.061602 0.231920 0.064290 0.239689 0.072070 0.234461 0.078516 0.224589 0.087174 0.225832 0.083138 0.236124 0.085527 0.240530 0.090462 0.235494 0.096296 0.238218 0.094505 0.245356 0.109160 0.243053 0.113047 0.240320 0.120247 0.248720 0.127865 0.243510
0 0.246615 0.259150 0.232077 0.245786 0.227923 0.240932 0.231211 0.239232 0.221523 0.224168 0.219102 0.217605 0.224811 0.211289 0.233809 0.211051 0.231387 0.197687 0.241771 0.182139 0.249902 0.185539 0.253014 0.190393 0.250078 0.199141 0.245228 0.204735 0.243034 0.215201 0.240091 0.221033 0.230749 0.219580 0.240267 0.228318 0.247878 0.244598 0.253932 0.253592
0 0.264408 0.207989 0.260788 0.203090 0.253939 0.203629 0.247988 0.207258 0.249284 0.213254 0.254714 0.218154 0.262982 0.215795
0 0.268281 0.162258 0.265052 0.168428 0.261693 0.176956 0.263242 0.183848 0.269186 0.190201 0.277975 0.189296 0.282246 0.179680 0.280306 0.171874 0.274876 0.164250
0 0.190072 0.213007 0.196081 0.216380 0.203685 0.209918 0.201888 0.199790 0.193275 0.186024 0.183066 0.178711 0.178262 0.179835 0.178659 0.174497 0.186868 0.174214 0.190872 0.166627 0.192474 0.157349 0.198483 0.150603 0.205286 0.148629 0.207689 0.142166 0.201283 0.135987 0.198281 0.129232 0.182663 0.134863 0.176257 0.144132 0.176660 0.157066 0.178659 0.164653 0.176855 0.168309 0.172454 0.167751 0.170052 0.170841 0.167448 0.166344 0.153236 0.148355 0.150430 0.144698 0.154036 0.137112 0.161439 0.134013 0.175117 0.117852 0.179980 0.102870 0.186686 0.089543 0.195501 0.078803 0.200605 0.070987 0.196901 0.061572 0.197122 0.044653 0.201986 0.035878 0.208014 0.021572 0.204310 0.011481 0.201497 0.001005 0.169857 0.000548 0.171172 0.020247 0.172572 0.036527 0.169329 0.054095 0.168633 0.074250 0.167246 0.084653 0.159141 0.085329 0.156113 0.064835 0.154492 0.046618 0.160280 0.016371 0.160026 0.000000 0.126693 0.000000 0.126706 0.017669 0.130632 0.029360 0.129948 0.046929 0.124382 0.060923 0.135736 0.078803 0.138060 0.085640 0.135977 0.094433 0.131569 0.102221 0.132031 0.117852 0.142682 0.127605 0.145924 0.138995 0.141061 0.142898 0.124141 0.115576 0.119518 0.112962 0.109785 0.118501 0.114889 0.130841 0.119277 0.136709 0.108405 0.138007 0.103079 0.133455 0.102598 0.119452 0.107246 0.111664 0.111165 0.100283 0.100059 0.084991 0.106543 0.083364 0.110951 0.069049 0.105625 0.056371 0.091947 0.039790 0.091725 0.026773 0.092187 0.009543 0.076152 0.000064 0.020951 0.000430 0.023092 0.013227 0.028438 0.016627 0.034342 0.028656 0.027917 0.025649 0.018529 0.016627 0.018268 0.005320 0.012103 0.000064 0.005137 0.000430 0.004049 0.005686 0.001908 0.005320 0.000000 0.012642 0.000000 0.013547 0.001191 0.016033 0.007116 0.017779 0.012604 0.017916 0.016165 0.025311 0.015944 0.027952 0.007233 0.025448 0.000970 0.026243 0.000000 0.031124 0.000000 0.032377 0.001647 0.037678 0.007233 0.039250 0.023314 0.041929 0.026999 0.043638 0.029577 0.060027 0.029440 0.075576 0.026595 0.084397 0.020313 0.073885 0.005814 0.070539 0.000130 0.071353 0.000000 0.084324 0.000000 0.087550 0.024193 0.088364 0.022109 0.095082 0.032122 0.100338 0.034362 0.110430 0.033626 0.128282 0.034225 0.151362 0.000267 0.169013 0.001471 0.178035 0.009538 0.184141 0.041250 0.168172 0.056647 0.156618 0.062038 0.156837 0.061432 0.162294 0.068620 0.163985 0.073405 0.155777 0.084499 0.156645 0.105163 0.163163 0.111367 0.155914 0.119258 0.149927 0.120560 0.151024 0.113711 0.158446 0.110208 0.163528 0.113711 0.167358 0.120299 0.163364 0.125723 0.158080 0.130371 0.152285 0.134251 0.149388 0.139297 0.152285 0.141621 0.160804 0.155977 0.172980 0.162943 0.179863 0.158939 0.188208 0.161660 0.195101 0.168633 0.192203 0.177422 0.192285
0 0.103398 0.184470 0.096595 0.178007 0.089785 0.179698 0.090169 0.191773 0.099993 0.193748
0 0.998932 0.285558 0.989551 0.287441 0.980436 0.295338 0.978561 0.303995 0.981243 0.311527 0.991426 0.319424 0.998932 0.316042
0 1.000000 0.256682 0.989551 0.246042 0.984993 0.227980 0.976419 0.209543 0.968105 0.197495 0.956315 0.188090 0.936478 0.186207 0.930853 0.165512 0.926302 0.152377 0.932161 0.149726 0.931927 0.139168 0.942376 0.136536 0.952292 0.141051 0.953900 0.158739 0.963014 0.170777 0.979368 0.175293 0.988210 0.185082 0.995716 0.195238 0.999466 0.200503 1.000000 0.237852
0 0.999733 0.122980 0.984727 0.109059 0.982852 0.100402 0.989551 0.095887 0.995983 0.102660 0.998665 0.106801
0 1.000000 0.096590 0.992018 0.088108 0.990013 0.079113 0.996022 0.076024 0.999824 0.076581 1.000000 0.085475
0 1.000000 0.069351 0.989844 0.071846 0.979401 0.071810 0.974395 0.062532 0.964987 0.053812 0.962383 0.042569 0.970592 0.040603 0.979401 0.047633 0.986608 0.051005 0.985208 0.060841 0.986810 0.066746 0.988210 0.055786 0.989414 0.046508 0.995221 0.047633 0.998822 0.055503 1.000000 0.060759
0 0.934258 0.107559 0.931842 0.100402 0.922461 0.101161 0.916836 0.117715 0.920319 0.124488 0.930534 0.123400 0.931842 0.115457
0 0.412585 0.546718 0.414206 0.533702 0.410267 0.525247 0.411426 0.505411 0.416055 0.498583 0.417448 0.485247 0.423704 0.488172 0.433665 0.498903 0.438294 0.513218 0.435749 0.533053 0.424629 0.544113
0 0.389414 0.486216 0.379915 0.485896 0.377832 0.496627 0.385013 0.505411 0.394284 0.495978
0 0.348184 0.463455 0.342161 0.455969 0.333353 0.462806 0.333125 0.473857 0.341211 0.479433 0.346563 0.473857
0 0.392891 0.432230 0.396595 0.429625 0.393815 0.419872 0.379915 0.417916 0.372507 0.425722 0.376908 0.433857 0.383626 0.439059 0.390345 0.452395 0.394746 0.456947 0.402155 0.458245 0.406328 0.464104 0.418835 0.467029 0.427174 0.455649 0.424857 0.442633 0.410033 0.443940 0.401230 0.444589
0 0.449062 0.478364 0.454954 0.457029 0.453092 0.435256 0.454648 0.415658 0.461777 0.409132 0.469844 0.401289 0.476042 0.391709 0.490931 0.396499 0.498060 0.408254 0.490000 0.427413 0.477285 0.432203 0.471706 0.442660 0.479147 0.449186 0.469844 0.463117 0.470462 0.470960 0.462402 0.484022 0.455885 0.481846
0 0.415234 0.000000 0.417741 0.008940 0.407507 0.015905 0.396035 0.018519 0.396654 0.025484 0.410605 0.031581 0.426426 0.029397 0.428288 0.032888 0.431699 0.042459 0.434798 0.049863 0.444414 0.058135 0.454954 0.047249 0.454648 0.034186 0.442865 0.027660 0.445898 0.025137 0.456055 0.021938 0.451563 0.000640 0.435417 0.000183 0.435417 0.004580 0.438210 0.014159 0.443034 0.020932 0.435417 0.016335 0.432630 0.006755 0.428906 0.000640
0 0.473320 0.040759 0.467155 0.035494 0.459382 0.039625 0.460723 0.047532 0.456165 0.053172 0.458040 0.058446 0.465013 0.058071 0.473053 0.047907
0 0.432311 0.058821 0.423737 0.058821 0.421855 0.052797 0.414082 0.052797 0.413548 0.063336 0.415964 0.075384 0.426413 0.078391 0.435260 0.072367 0.436868 0.063711
0 0.494492 0.055055 0.503073 0.055439 0.513255 0.052422 0.514863 0.040384 0.518079 0.035868 0.522637 0.041508 0.526660 0.045649 0.523444 0.052422 0.529876 0.058446 0.530677 0.064470 0.521296 0.066728 0.518079 0.062587 0.513255 0.068985 0.501999 0.069735 0.491816 0.067477
0 0.477227 0.064717 0.486224 0.058638 0.490033 0.052084 0.488477 0.044068 0.491419 0.033857 0.489512 0.018071 0.481380 0.015155 0.475846 0.022687 0.477923 0.031435 0.478438 0.044552 0.477572 0.053537 0.474115 0.059369
0 0.461855 0.087916 0.462318 0.083364 0.463939 0.074909 0.460697 0.066782 0.454674 0.061901 0.444479 0.060274 0.445410 0.067102 0.450273 0.075238 0.454212 0.079461 0.453516 0.088574 0.457682 0.091499
0 0.489421 0.070356 0.480618 0.066124 0.470892 0.070356 0.469036 0.076865 0.471354 0.084013 0.479922 0.087267 0.487103 0.082395 0.490352 0.077514
0 0.553822 0.000430 0.553594 0.006609 0.557526 0.013437 0.564941 0.016042 0.572122 0.013108 0.574668 0.001728
0 0.640924 0.010512 0.636523 0.014735 0.633743 0.018638 0.634668 0.034580 0.637910 0.037505 0.641621 0.030347 0.646484 0.027102 0.648340 0.038803 0.646719 0.044662 0.638841 0.052468 0.629570 0.052139 0.624245 0.052468 0.629342 0.057669 0.632819 0.061572 0.629805 0.067431 0.622624 0.066124 0.615677 0.060274 0.614049 0.047916 0.622389 0.042706 0.622624 0.016691 0.625404 0.006280 0.640924 0.004333
0 0.575033 0.061627 0.571921 0.068190 0.569147 0.079369 0.566725 0.088117 0.566380 0.093455 0.559629 0.099287 0.551328 0.099049 0.549596 0.103172 0.552187 0.110466 0.569668 0.114835 0.587318 0.115320 0.598913 0.110704 0.595794 0.102450 0.583340 0.099049 0.564303 0.101965 0.565339 0.098071 0.571569 0.097102 0.578841 0.093455 0.581263 0.087386 0.583685 0.079854 0.590085 0.078154 0.595625 0.078154 0.608776 0.074506 0.612930 0.067221 0.606523 0.062358 0.594238 0.069159 0.587663 0.072322 0.587839 0.066005 0.579186 0.059205
0 0.516204 0.111618 0.504681 0.110868 0.496908 0.109360 0.492884 0.098821 0.480827 0.099205 0.479486 0.112367 0.482969 0.118766 0.484310 0.126673 0.488327 0.133821 0.496374 0.127422 0.511914 0.125923
0 0.698737 0.127797 0.685599 0.112367 0.677559 0.104845 0.679440 0.086033 0.669785 0.069470 0.663086 0.076618 0.665234 0.106728 0.672461 0.119104 0.682943 0.134918 0.690964 0.143985 0.695788 0.135329
0 0.730254 0.047057 0.732155 0.056773 0.734232 0.067221 0.743750 0.064543 0.748418 0.051673 0.755514 0.043894 0.759668 0.051426 0.768320 0.051673 0.765898 0.036609 0.763132 0.032230 0.773509 0.023483 0.783027 0.016929 0.788913 0.014013 0.794102 0.022029 0.803275 0.019598 0.804141 0.011335 0.798431 0.001133 0.768047 0.000000 0.765879 0.000000 0.763477 0.011335 0.757936 0.013528 0.752057 0.005265 0.748008 0.000000 0.742773 0.000000 0.741842 0.000165 0.743405 0.010366 0.747728 0.018629 0.752227 0.022761 0.751536 0.028346 0.744961 0.032230 0.737689 0.018382 0.730423 0.019113 0.731465 0.028346 0.733021 0.038547 0.731465 0.042194
0 0.763477 0.116536 0.768496 0.119698 0.774720 0.111197 0.779049 0.105366 0.784759 0.106335 0.782337 0.120183 0.778008 0.133062 0.765898 0.134278 0.760534 0.125768 0.760534 0.122614
0 0.712617 0.052834 0.716217 0.046929 0.718021 0.041865 0.724030 0.035402 0.727233 0.029214 0.726829 0.018254 0.721628 0.011508 0.717422 0.017130 0.715417 0.018254 0.712214 0.006170 0.705605 0.011225 0.706211 0.021627 0.707409 0.035119 0.707813 0.049177
0 0.699199 0.049744 0.710410 0.061828 0.718822 0.058172 0.731634 0.061828 0.729831 0.068857 0.732435 0.077285 0.726029 0.085439 0.725632 0.091060 0.733437 0.086563 0.744648 0.086563 0.734440 0.099497 0.734837 0.105676 0.741048 0.107651 0.734837 0.114113 0.729831 0.118611 0.738841 0.130137 0.745651 0.150375 0.748652 0.163583 0.751055 0.180174 0.743848 0.184954 0.730833 0.180174 0.722025 0.180457 0.714219 0.188044 0.715020 0.198446 0.707012 0.206600 0.703809 0.213629 0.690189 0.232176 0.684987 0.233300 0.682982 0.225713 0.684987 0.215311 0.692995 0.207441 0.698997 0.207441 0.698197 0.202943 0.696999 0.197322 0.699603 0.190576 0.703405 0.182139 0.703405 0.174269 0.697598 0.161618 0.700404 0.154314 0.711016 0.165274 0.715215 0.168931 0.721022 0.163309 0.728633 0.158812 0.731035 0.166965 0.735039 0.166399 0.731432 0.137724 0.728431 0.130978 0.717220 0.126481 0.707207 0.117486 0.705807 0.109333 0.717819 0.113547 0.721426 0.110457 0.720221 0.102303 0.711595 0.100000 0.708828 0.081307 0.692734 0.065027 0.691354 0.049488
0 0.743522 0.269059 0.725228 0.270795 0.705072 0.272541 0.713132 0.258601 0.719336 0.249461 0.723366 0.237267 0.733600 0.237267 0.733913 0.249899 0.738874 0.255996
0 0.691634 0.180027 0.687233 0.172221 0.679818 0.177751 0.681673 0.189790 0.686309 0.199223 0.695339 0.197267 0.693717 0.186207
0 0.673796 0.163766 0.666849 0.161819 0.658509 0.169625 0.653639 0.180356 0.659668 0.188163 0.668470 0.178400 0.673796 0.174497
0 0.677038 0.208656 0.676113 0.199543 0.675879 0.191737 0.670091 0.191417 0.668470 0.199543 0.662676 0.204753 0.664297 0.213857 0.664759 0.222962 0.660827 0.231097 0.664069 0.238574 0.674258 0.244753 0.679102 0.235009 0.675911 0.225868 0.674720 0.215804
0 0.611283 0.176261 0.603672 0.182815 0.595885 0.189616 0.593288 0.201280 0.584115 0.196426 0.588965 0.176499 0.592767 0.167751 0.600039 0.163135 0.609036 0.163867 0.612669 0.170430
0 0.578385 0.176965 0.573906 0.169214 0.570273 0.166051 0.565254 0.162404 0.561276 0.169214 0.564043 0.177962 0.568887 0.185000 0.573737 0.188163 0.577194 0.182084
0 0.619935 0.217075 0.609727 0.218291 0.605052 0.227038 0.605918 0.233592 0.596751 0.239671 0.593978 0.245740 0.594674 0.254973 0.593978 0.263473 0.589824 0.270037 0.586191 0.279753 0.588789 0.288263 0.602975 0.290448 0.607650 0.277815 0.613014 0.268090 0.608516 0.261051 0.613880 0.251088 0.616823 0.244525 0.623919 0.236993 0.627207 0.229954 0.622708 0.222660
0 0.563874 0.130110 0.556465 0.128144 0.549258 0.132642 0.546055 0.137980 0.551263 0.143601 0.561074 0.142761 0.565677 0.136856
0 0.537448 0.137980 0.527435 0.136015 0.522233 0.143885 0.527839 0.150914 0.538249 0.150914 0.542454 0.140512
0 0.534290 0.262578 0.544948 0.260951 0.551901 0.253144 0.558620 0.243711 0.566725 0.232331 0.570898 0.229726 0.575065 0.220622 0.571589 0.215420 0.575762 0.211517 0.572051 0.205658 0.568809 0.199479 0.561165 0.205658 0.556250 0.223218 0.548646 0.238821 0.541549 0.240759 0.537051 0.232742 0.533418 0.225457 0.537917 0.223995 0.548470 0.213547 0.552279 0.197761 0.560586 0.189982 0.553490 0.178812 0.546914 0.177112 0.541719 0.173702 0.544661 0.163985 0.540163 0.158885 0.533932 0.163748 0.528919 0.174680 0.526491 0.180512 0.524245 0.178565 0.518535 0.176380 0.518190 0.183912 0.523034 0.186828 0.528919 0.183428 0.527702 0.187797 0.524590 0.192898 0.526842 0.198729 0.537051 0.198492 0.539818 0.192166 0.538952 0.187550 0.539818 0.178565 0.543105 0.181728 0.545527 0.188282 0.545358 0.194113 0.543451 0.197998 0.539473 0.204314 0.535664 0.208446 0.531510 0.207962 0.529089 0.204808 0.524245 0.205777 0.523724 0.213062 0.525111 0.228611 0.522858 0.228373 0.522168 0.225457 0.519225 0.215009 0.514206 0.209177 0.507806 0.209177 0.504688 0.216225 0.504173 0.226188 0.514036 0.228611 0.517669 0.230073 0.525977 0.234205 0.528398 0.236627 0.528568 0.240521 0.531165 0.246590 0.534108 0.251691 0.533242 0.255585
0 0.643255 0.258985 0.641647 0.248830 0.636823 0.244689 0.633607 0.259360 0.632266 0.279689 0.631992 0.290978 0.640573 0.293985 0.644323 0.269899
0 0.661712 0.322002 0.667917 0.318080 0.674740 0.307633 0.672878 0.303711 0.668229 0.300667 0.662025 0.308071 0.659544 0.314168
0 0.492695 0.431289 0.485254 0.431289 0.482461 0.435649 0.484323 0.446536 0.484948 0.453501 0.490527 0.453501 0.494251 0.448711 0.494251 0.440868
0 0.513203 0.478793 0.499583 0.484415 0.496784 0.485539 0.498184 0.494250 0.507793 0.492285 0.515202 0.489479 0.514401 0.484415
0 0.561693 0.418748 0.565299 0.410878 0.570104 0.406097 0.574909 0.401316 0.575905 0.397669 0.573307 0.392888 0.563893 0.386417 0.559889 0.389232 0.556888 0.395137 0.553685 0.402166 0.552884 0.407505 0.553685 0.413126 0.557689 0.416216
0 0.541693 0.406435 0.543242 0.400091 0.545312 0.395009 0.549193 0.391920 0.549193 0.385027 0.545182 0.384296 0.542728 0.390283 0.543242 0.392824 0.538594 0.393007 0.539108 0.389744 0.539499 0.382486 0.530339 0.373766 0.520898 0.369744 0.522721 0.379982 0.526829 0.384479 0.529557 0.389762 0.533789 0.406947
0 0.583659 0.376325 0.577344 0.379433 0.576400 0.383455 0.576960 0.388163 0.581315 0.392084 0.590703 0.389086 0.591595 0.382029 0.594961 0.377486 0.599251 0.371408 0.605527 0.364899 0.606680 0.357450 0.609382 0.350804 0.612376 0.342678 0.602142 0.339826 0.597214 0.336170 0.585443 0.319351 0.576647 0.315146 0.566328 0.323967 0.565456 0.329122 0.572591 0.335082 0.577520 0.343757 0.575977 0.349717 0.573366 0.347002 0.566999 0.344305 0.564395 0.344570 0.562552 0.350804 0.563522 0.354333 0.566602 0.356106 0.574915 0.354881 0.575007 0.359086 0.572982 0.363693 0.572793 0.367761 0.583027 0.372633 0.570762 0.372779 0.568249 0.368976 0.561979 0.369250 0.560918 0.374388 0.559655 0.380229 0.562630 0.383364 0.568737 0.381042 0.574629 0.378592
0 0.559824 0.353291 0.554128 0.350000 0.549655 0.350631 0.548092 0.355174 0.549772 0.358784 0.557702 0.361453 0.560156 0.356901
0 0.545879 0.278437 0.542910 0.274269 0.536836 0.270640 0.534251 0.273355 0.534375 0.280978 0.540326 0.286965 0.545495 0.289150 0.548594 0.283885
0 0.531283 0.289333 0.525202 0.283775 0.520951 0.283236 0.518828 0.288931 0.520951 0.292724 0.528867 0.297742 0.532148 0.293812
0 0.639844 0.153108 0.632982 0.148894 0.630592 0.153300 0.630293 0.159186 0.635228 0.161910 0.639863 0.156243
0 0.553457 0.080475 0.548158 0.078117 0.542337 0.079570 0.540527 0.087194 0.543763 0.090640 0.549063 0.090640 0.553457 0.086289
0 0.527858 0.437331 0.518444 0.432834 0.511641 0.424397 0.506432 0.424680 0.504232 0.435649 0.507031 0.444059 0.515234 0.450274 0.523438 0.453656 0.529857 0.448007
0 0.621719 0.394059 0.628307 0.402596 0.630247 0.405676 0.639427 0.404223 0.638652 0.398053 0.632832 0.389342 0.625469 0.384260 0.616159 0.381718 0.610085 0.384077 0.607109 0.391344 0.609694 0.398958 0.615384 0.407130 0.620553 0.409488 0.623398 0.400594
0 0.455156 0.524296 0.446882 0.521755 0.444427 0.518492 0.444297 0.531371 0.445072 0.536636 0.453600 0.537176 0.456706 0.531188
0 0.402415 0.528830 0.396745 0.532450 0.394922 0.538995 0.395951 0.545165 0.403841 0.542441 0.405260 0.533912
0 0.497031 0.551517 0.491341 0.559324 0.485156 0.561700 0.480358 0.555329 0.483203 0.550064 0.487598 0.547157 0.491992 0.547157 0.495228 0.549881 0.496517 0.548611 0.495612 0.544260 0.497031 0.540814 0.502207 0.538995 0.507357 0.540951 0.507878 0.545338 0.503385 0.548629
0 0.532454 0.557322 0.529219 0.554607 0.523535 0.553336 0.517070 0.557322 0.515260 0.562404 0.516549 0.566216 0.520820 0.571298 0.524694 0.571846 0.527799 0.571115 0.533099 0.564945
0 0.605221 0.526837 0.599798 0.524662 0.594883 0.525750 0.590879 0.532642 0.593717 0.538272 0.598893 0.540631 0.605228 0.537724 0.607031 0.531554
0 0.632760 0.497258 0.627585 0.495987 0.622031 0.498528 0.620736 0.503245 0.623320 0.506691 0.628750 0.507596 0.634694 0.504698 0.634310 0.501974
0 0.685378 0.414278 0.680339 0.422623 0.677103 0.428071 0.684212 0.431700 0.686413 0.435878 0.680208 0.439689 0.671934 0.442587 0.668060 0.447852 0.660430 0.446764 0.658880 0.439141 0.663665 0.434790 0.665085 0.429159 0.669870 0.427706 0.672194 0.422267 0.674518 0.414278 0.677884 0.407386 0.682923 0.408473
0 0.600352 0.463154 0.594544 0.460174 0.591973 0.456728 0.593542 0.449196 0.599349 0.447623 0.603594 0.452176 0.607507 0.453117 0.613997 0.458958 0.611849 0.465631 0.607292 0.467550 0.602142 0.465512
0 0.575456 0.544150 0.574798 0.546856 0.578548 0.551024 0.581387 0.559918 0.577643 0.566088 0.572858 0.568446 0.568464 0.565183 0.565104 0.557020 0.567559 0.550850 0.566263 0.542861 0.570143 0.540503 0.574023 0.541225
0 0.559805 0.550119 0.555664 0.547212 0.549850 0.550850 0.548945 0.555567 0.551530 0.559013 0.555924 0.559378 0.558770 0.558291 0.559805 0.554296
0 0.484701 0.580969 0.481471 0.578793 0.477467 0.584241 0.478496 0.588592 0.481862 0.590411 0.485221 0.588053 0.485352 0.585146
0 0.496204 0.608373 0.494010 0.604205 0.488581 0.602751 0.484961 0.606920 0.484577 0.612733 0.487676 0.619086 0.491810 0.623620 0.497109 0.621810 0.498145 0.612550
0 0.520247 0.576618 0.517409 0.580786 0.511979 0.581335 0.508099 0.582971 0.506549 0.592404 0.506419 0.597303 0.507324 0.602751 0.512363 0.603839 0.515078 0.601846 0.518307 0.596581 0.520247 0.590229 0.524258 0.584424 0.525938 0.580612 0.523483 0.577340
0 0.565365 0.617002 0.555755 0.617468 0.552461 0.612642 0.544388 0.610960 0.538405 0.613693 0.535859 0.622715 0.536908 0.630064 0.539453 0.633848 0.548874 0.635320 0.554857 0.629854 0.558893 0.628601 0.564876 0.627761 0.567715 0.622294
0 0.557096 0.577779 0.558743 0.572532 0.558743 0.568547 0.553659 0.566024 0.549023 0.570850 0.546628 0.580722 0.544538 0.585338 0.541543 0.590804 0.540944 0.595000 0.544238 0.601088 0.554108 0.595000 0.557845 0.589333 0.558294 0.583035
0 0.459596 0.668510 0.464271 0.665110 0.467038 0.660009 0.462708 0.653693 0.451979 0.656846 0.442812 0.659516 0.444889 0.670210 0.448177 0.680174 0.454056 0.688675 0.462884 0.690859 0.473783 0.690622 0.472227 0.682112 0.464440 0.677011 0.461673 0.674580
0 0.511497 0.626938 0.509948 0.621133 0.506198 0.615512 0.502194 0.622404 0.502578 0.625850 0.501543 0.628391 0.494694 0.627669 0.492754 0.632020 0.495469 0.640375 0.502839 0.637468 0.505684 0.636746 0.510332 0.638739 0.513698 0.636380 0.520547 0.633839 0.519010 0.628062 0.515508 0.627669
0 0.611914 0.595887 0.608320 0.595046 0.604883 0.597377 0.604883 0.602395 0.608770 0.603885 0.611764 0.601344
0 0.456582 0.494525 0.452428 0.493556 0.447070 0.495018 0.448796 0.498903 0.453294 0.502303 0.458464 0.500823
0 0.539375 0.497239 0.533965 0.499680 0.531842 0.506453 0.525085 0.506051 0.527207 0.497642 0.530391 0.490868 0.533385 0.487614 0.537246 0.491819
0 0.485026 0.372486 0.481745 0.363967 0.470671 0.365420 0.468939 0.376600 0.472057 0.384369 0.478633 0.383885 0.484512 0.377569
0 0.347227 0.051627 0.341543 0.047431 0.336159 0.050585 0.334811 0.056883 0.339896 0.065073 0.346927 0.060027
0 0.398223 0.066536 0.394036 0.060238 0.388802 0.063391 0.386257 0.070740 0.386706 0.079771 0.395684 0.081234 0.400469 0.073263
0 0.553405 0.639671 0.564759 0.639351 0.574023 0.639671 0.578424 0.647157 0.578887 0.655932 0.580046 0.666673 0.572168 0.683254 0.576341 0.700494 0.576341 0.708629 0.567305 0.705046 0.558503 0.695293 0.557109 0.681307 0.549701 0.676426 0.538346 0.673501 0.527689 0.669918 0.531400 0.659835 0.541823 0.655612 0.546458 0.649433
0 0.688008 0.255146 0.684805 0.250082 0.680000 0.250923 0.679596 0.260201 0.680599 0.265265 0.687005 0.264424
0 0.660833 0.340338 0.655150 0.336554 0.648118 0.336974 0.644980 0.340969 0.646921 0.347267 0.650065 0.351042 0.658138 0.353775 0.662474 0.348528
0 0.562754 0.715484 0.570964 0.720823 0.572363 0.725603 0.570560 0.734314 0.559570 0.730073 0.556745 0.719141
0 0.502227 0.689059 0.497624 0.695530 0.491217 0.705366 0.478405 0.710146 0.469193 0.700585 0.481810 0.694680 0.479206 0.687934 0.482409 0.679223 0.487214 0.672477 0.492018 0.661508 0.501426 0.653364 0.509635 0.651956 0.517044 0.652797 0.516842 0.665731 0.506836 0.680347
0 0.235671 0.653007 0.226953 0.657404 0.223242 0.665174 0.220781 0.675210 0.220781 0.686097 0.229779 0.682614 0.235026 0.671755 0.238802 0.661243
0 0.186322 0.416161 0.180534 0.412907 0.178913 0.420713 0.179375 0.424296 0.184473 0.427870 0.189102 0.422340
0 0.482695 0.135832 0.476816 0.137532 0.466777 0.138501 0.466947 0.147249 0.475430 0.149196 0.487025 0.147249 0.491868 0.140932 0.488236 0.136554
0 0.999766 0.147651 0.992956 0.145960 0.987350 0.151024 0.989355 0.159177 0.988952 0.167048 0.989954 0.173227 0.994961 0.177450 1.000000 0.178812 1.000000 0.166033
0 0.523997 0.603656 0.519863 0.602934 0.513913 0.606015 0.511849 0.610192 0.513913 0.614909 0.518053 0.618355 0.523613 0.617815 0.526582 0.613455 0.526712 0.608556
0 0.421719 0.863848 0.414544 0.852770 0.406647 0.854278 0.404857 0.863848 0.411315 0.870905 0.415618 0.875439 0.403060 0.876947 0.400553 0.881481 0.413470 0.891051 0.434635 0.879973 0.426745 0.868885
0 0.532240 0.865366 0.516452 0.861335 0.508913 0.867377 0.511426 0.877450 0.530801 0.884004 0.551257 0.879470 0.563815 0.869899 0.552331 0.862843
0 0.340905 0.808766 0.338359 0.800311 0.332799 0.800960 0.332337 0.811051 0.339056 0.814945
0 0.488470 0.834141 0.475729 0.835119 0.470866 0.832843 0.470866 0.838364 0.482220 0.845521 0.489629 0.844223
0 0.420599 0.779826 0.414844 0.768830 0.407858 0.764534 0.406237 0.772669 0.414258 0.785558
0 0.352949 0.762907 0.349342 0.772742 0.351549 0.780055 0.354948 0.786517 0.347741 0.786517 0.340937 0.771901 0.347943 0.758976
0 0.329687 0.753199 0.321484 0.762888 0.316992 0.754388 0.322917 0.746618
0 0.312812 0.741463 0.308177 0.746709 0.301745 0.746920 0.301296 0.741252 0.303392 0.735585 0.308926 0.737898
0 0.268392 0.718364 0.262559 0.729707 0.255234 0.732642 0.253437 0.720466 0.254635 0.704296 0.263158 0.709543 0.266302 0.713117
0 0.350404 0.701792 0.340365 0.706307 0.341016 0.695887 0.344798 0.691673 0.349004 0.696170
0 0.351419 0.728227 0.349974 0.725649 0.348620 0.723885 0.345723 0.727011 0.345436 0.730667 0.347656 0.734059 0.351712 0.733108
0 0.323633 0.774360 0.319883 0.771453 0.315228 0.769461 0.311868 0.770009 0.311354 0.773812 0.314069 0.779442 0.318724 0.780165 0.322728 0.780530
0 0.370833 0.749543 0.367337 0.751764 0.361641 0.751920 0.358958 0.747843 0.359069 0.743611 0.368229 0.743611 0.371875 0.745795
0 0.433464 0.790548 0.430872 0.786901 0.428099 0.790055 0.425332 0.792002 0.419102 0.792002 0.414948 0.790548 0.412181 0.791271 0.413392 0.796865 0.416510 0.802203 0.426022 0.802697 0.430176 0.801481 0.433464 0.796865
0 0.394531 0.797349 0.388646 0.794918 0.380345 0.796133 0.375495 0.791517 0.372038 0.794671 0.371172 0.796618 0.378783 0.799296 0.381380 0.801481 0.393145 0.800996
0 0.469629 0.729324 0.464961 0.723729 0.458040 0.722029 0.454232 0.726161 0.457865 0.733693 0.463607 0.736106 0.468099 0.733455
0 0.486257 0.805868 0.484701 0.796974 0.480306 0.795887 0.477982 0.798611 0.478626 0.805503 0.482637 0.808592
0 0.494785 0.735091 0.489225 0.733995 0.488066 0.735814 0.487546 0.741079 0.492975 0.743071 0.495046 0.739260
0 0.325775 0.689442 0.336895 0.679863 0.342448 0.666728 0.332552 0.664717 0.323620 0.683391
0 0.306725 0.654991 0.321979 0.655622 0.332148 0.653519 0.331849 0.643446 0.322878 0.636097 0.315397 0.635887 0.316445 0.640923 0.319583 0.645128 0.306276 0.644918 0.303730 0.650585
0 0.286979 0.636472 0.297754 0.628117 0.300892 0.626225 0.293411 0.619086 0.286979 0.622486 0.283268 0.627514 0.282344 0.635676
0 0.432891 0.619488 0.423320 0.631874 0.420176 0.633766 0.427207 0.640274 0.426159 0.643839 0.420924 0.646572 0.413900 0.643208 0.414648 0.636307 0.409707 0.629351 0.411803 0.620329 0.416439 0.610457 0.425560 0.605832 0.430651 0.607093 0.433340 0.615914
0 0.394154 0.622422 0.395501 0.627276 0.397897 0.637541 0.392663 0.641764 0.386393 0.640859 0.383854 0.636289 0.375612 0.634415 0.373516 0.630402 0.378451 0.625786 0.384115 0.623492 0.390560 0.620750
0 0.352891 0.613665 0.342715 0.611207 0.336120 0.615539 0.324857 0.612148 0.321432 0.616015 0.321432 0.621399 0.329030 0.624799 0.337624 0.622925 0.343880 0.624799 0.351478 0.622806 0.353893 0.616362
