0 0.198164 0.985821 0.193972 0.997786 0.192981 0.998698 0.149674 0.998698 0.156876 0.991497 0.169140 0.983724 0.187110 0.973307
0 0.082682 0.867578 0.068568 0.857864 0.048736 0.866979 0.053124 0.887369 0.080860 0.886198
0 0.255468 0.856068 0.249934 0.866445 0.244050 0.880639 0.237122 0.890677 0.226744 0.893099 0.207370 0.879596 0.188334 0.888594 0.176562 0.908672 0.182096 0.917318 0.210482 0.917669 0.262396 0.914205 0.258580 0.893099 0.268268 0.880639 0.277214 0.866797 0.266550 0.855027
0 0.393216 0.982383 0.389214 0.998698 0.362995 0.998698 0.366210 0.981354 0.364830 0.964740 0.349948 0.959193 0.352370 0.933933 0.371406 0.928738 0.381446 0.948125 0.394244 0.954700 0.404974 0.933242 0.427122 0.930131 0.436120 0.906588 0.438828 0.866523 0.444506 0.836889 0.460938 0.834192 0.463946 0.859935 0.482188 0.862018 0.491458 0.879869 0.470598 0.888215 0.466888 0.904415 0.477552 0.921094 0.484960 0.935937 0.462734 0.941484 0.459036 0.943801 0.459036 0.957227 0.453464 0.967891 0.431692 0.967435 0.411316 0.975287
0 0.652865 0.998698 0.647786 0.991928 0.629830 0.985742 0.608724 0.992318 0.598963 0.998698
0 0.518736 0.941784 0.496876 0.938282 0.483072 0.945313 0.474440 0.956328 0.493126 0.967747 0.510430 0.964636 0.518386 0.952514
0 0.548502 0.891601 0.539506 0.902331 0.532240 0.917214 0.543658 0.928984 0.566146 0.935559 0.583112 0.942826 0.589336 0.948710 0.607330 0.948710 0.602838 0.931068 0.600416 0.927604 0.629830 0.921028 0.642292 0.919296 0.654402 0.916524 0.666862 0.907526 0.665130 0.890221 0.635716 0.890221 0.611836 0.885026 0.598334 0.895416 0.577916 0.914792 0.571342 0.913060 0.573412 0.901641 0.576536 0.888489 0.574114 0.884687 0.594532 0.877070 0.596602 0.869115 0.593138 0.858724 0.584844 0.847304 0.573764 0.837279 0.558190 0.825508 0.533620 0.812356 0.523932 0.804050 0.535690 0.793321 0.551614 0.796094 0.559570 0.808542 0.577226 0.796094 0.588646 0.816849 0.606992 0.819623 0.642292 0.814779 0.640560 0.796094 0.619726 0.786472 0.599688 0.778998 0.588294 0.766744 0.573932 0.776288 0.556016 0.772109 0.550338 0.754453 0.529674 0.741302 0.571550 0.723060 0.571276 0.709909 0.559610 0.696731 0.531784 0.711094 0.505756 0.714375 0.512018 0.691055 0.522200 0.665339 0.514726 0.648594 0.500976 0.624636 0.489010 0.617473 0.496484 0.608790 0.530300 0.638997 0.567670 0.624947 0.620000 0.619856 0.640938 0.598334 0.663398 0.585182 0.648724 0.569921 0.710638 0.540885 0.739362 0.569921 0.763282 0.553177 0.738776 0.523854 0.773764 0.519362 0.797408 0.510078 0.790208 0.501120 0.767774 0.502291 0.743242 0.503203 0.744140 0.497240 0.758190 0.483776 0.771068 0.477799 0.790208 0.485547 0.810560 0.475990 0.804570 0.465820 0.772278 0.458034 0.775846 0.446680 0.848242 0.444570 0.876966 0.436822 0.876654 0.412864 0.861980 0.403907 0.840456 0.420652 0.825196 0.422149 0.844960 0.402696 0.821628 0.400027 0.803360 0.417683 0.795598 0.417956 0.823710 0.379088 0.869492 0.366211 0.872474 0.342579 0.870078 0.317448 0.873958 0.301602 0.859322 0.293541 0.841666 0.301015 0.845234 0.324023 0.810560 0.345274 0.789024 0.327045 0.769270 0.330325 0.768684 0.348255 0.780652 0.380572 0.771966 0.389232 0.772864 0.409310 0.758502 0.382656 0.747148 0.386250 0.740546 0.413177 0.743554 0.433529 0.738776 0.458034 0.727396 0.445195 0.712434 0.447852 0.712434 0.466406 0.725312 0.474779 0.706940 0.506068 0.686524 0.519010 0.661458 0.498841 0.654466 0.517461 0.618790 0.520533 0.608958 0.574830 0.588294 0.546667 0.553790 0.574141 0.530572 0.585351 0.516146 0.570547 0.500156 0.580546 0.498138 0.569753 0.510534 0.543308 0.487318 0.526485 0.472500 0.548528 0.456888 0.549739 0.450494 0.566940 0.458894 0.574141 0.455300 0.598203 0.435260 0.615403 0.421692 0.629271 0.397122 0.624193 0.394348 0.635299 0.399922 0.655678 0.417058 0.647826 0.435572 0.654753 0.453190 0.652434 0.443464 0.634362 0.453190 0.630208 0.477760 0.642252 0.463842 0.651041 0.483294 0.667722 0.480534 0.684895 0.449934 0.683021 0.444844 0.697838 0.449934 0.711745 0.482356 0.712683 0.476822 0.721953 0.459206 0.724245 0.458178 0.735038 0.482058 0.745417 0.437058 0.746119 0.428750 0.760651 0.412148 0.765143 0.389986 0.760651 0.387226 0.780026 0.405912 0.793881 0.448138 0.791107 0.457826 0.785573 0.510078 0.774492 0.485508 0.800794 0.491744 0.815677 0.496588 0.828477 0.506628 0.832981 0.503502 0.853398 0.502812 0.873815 0.505586 0.884545 0.522540 0.876941 0.525312 0.858593 0.539154 0.876589
0 0.093438 0.749427 0.082670 0.749427 0.077644 0.761628 0.093438 0.770964 0.101328 0.759480
0 0.235520 0.653268 0.213282 0.666185 0.198216 0.657578 0.215430 0.640352 0.231224 0.638919
0 0.000000 0.608073 0.023828 0.617383 0.035300 0.625274 0.034584 0.641783 0.009466 0.643216 0.001576 0.637474
0 0.186446 0.440000 0.173046 0.454479 0.149454 0.467877 0.124258 0.463060 0.126406 0.446979 0.133372 0.435183 0.154284 0.423385 0.174648 0.425001
0 0.000000 0.463386 0.021342 0.470025 0.044388 0.476458 0.062084 0.481823 0.073868 0.473242 0.091028 0.471628 0.102826 0.484492 0.110860 0.497904 0.125872 0.518802 0.121042 0.535963 0.099062 0.536497 0.069584 0.506471 0.045456 0.508086 0.010612 0.506471 0.000000 0.500637
0 0.000000 0.351953 0.010078 0.357447 0.025092 0.362812 0.033672 0.352097 0.029374 0.337617 0.016510 0.324753 0.020808 0.322070 0.040104 0.326901 0.050286 0.314571 0.041706 0.305990 0.057252 0.287226 0.066406 0.267447 0.043880 0.267447 0.029948 0.281902 0.005730 0.300651 0.001498 0.308138 0.000000 0.328177
0 0.000364 0.291185 0.017670 0.273189 0.030482 0.260730 0.033594 0.247579 0.029440 0.233385 0.020794 0.225430 0.010066 0.224740 0.000000 0.232851 0.000000 0.270586
0 0.083776 0.211237 0.080664 0.197396 0.069244 0.191510 0.049856 0.198437 0.037748 0.213320 0.042252 0.230964 0.048476 0.241354 0.057474 0.254844 0.070572 0.242708 0.075130 0.223347
0 0.136732 0.243775 0.152644 0.255885 0.172722 0.264192 0.179648 0.274232 0.183594 0.289843 0.153334 0.292565 0.147110 0.279766 0.122890 0.267305 0.102812 0.250690 0.105586 0.234427 0.118490 0.215235 0.122786 0.193359 0.127734 0.176979 0.151264 0.191172 0.162344 0.187357 0.154036 0.163828 0.165104 0.163138 0.178386 0.135546 0.188294 0.114688 0.209062 0.100833 0.221862 0.111223 0.219102 0.127838 0.209062 0.133021 0.204558 0.152057 0.221094 0.167448 0.189674 0.176289 0.190716 0.183554 0.220820 0.183554 0.252670 0.184597 0.257136 0.196250 0.255208 0.214713 0.237722 0.223451 0.214974 0.222279 0.196432 0.213008 0.186562 0.208190 0.165000 0.217187 0.152748 0.225847
0 0.000000 0.415274 0.011718 0.415625 0.019792 0.425130 0.025782 0.434505 0.015624 0.440104 0.000626 0.439844 0.000000 0.422812
0 0.096692 0.700912 0.088920 0.696120 0.078152 0.698516 0.072774 0.702109 0.076654 0.713777 0.088320 0.719453 0.099088 0.713777 0.101784 0.705104
0 0.464348 0.212968 0.455546 0.203750 0.441928 0.208555 0.437930 0.230989 0.457552 0.230586
0 0.627330 0.275430 0.626042 0.262500 0.606510 0.263022 0.594102 0.269427 0.603646 0.284635 0.620964 0.287500 0.626562 0.281902
0 0.783098 0.262214 0.769088 0.265416 0.745860 0.273425 0.746654 0.283047 0.757878 0.293854 0.773828 0.289843 0.785938 0.281902 0.788282 0.275000
0 0.933256 0.319076 0.917644 0.315078 0.900430 0.315482 0.890014 0.324284 0.892812 0.339505 0.899218 0.347513 0.913646 0.347513 0.918450 0.356718 0.927656 0.360729 0.942474 0.352318 0.949674 0.342708 0.945274 0.326290
0 0.998698 0.283938 0.996290 0.282812 0.976250 0.284896 0.978334 0.290587 0.988802 0.304049 0.995990 0.308829 0.998698 0.310455
0 0.864934 0.208034 0.855326 0.213398 0.849518 0.220781 0.847058 0.232395 0.849518 0.246250 0.855546 0.254519 0.872304 0.258542 0.888842 0.256523 0.881914 0.245794 0.865378 0.230834 0.875208 0.220781 0.871184 0.214518
0 0.921302 0.244258 0.929948 0.256718 0.943802 0.256368 0.952448 0.244596 0.951758 0.231445 0.951758 0.225222 0.965626 0.220182 0.988802 0.209115 0.998698 0.201755 0.998698 0.122689 0.992252 0.121745 0.984986 0.139388 0.984986 0.173658 0.967330 0.177812 0.946224 0.172617 0.920950 0.175390 0.914376 0.186810 0.918880 0.199961 0.906770 0.223150 0.912304 0.236992
0 0.933438 0.034804 0.919076 0.027851 0.906562 0.038046 0.910742 0.057501 0.928802 0.059818 0.937110 0.050521
0 0.682058 0.494713 0.682748 0.482253 0.683086 0.469805 0.686902 0.455950 0.679636 0.441081 0.674440 0.426536 0.663360 0.419271 0.658464 0.418620 0.649518 0.411653 0.630834 0.416850 0.626328 0.431042 0.637408 0.438308 0.640182 0.461836 0.656446 0.468763 0.660938 0.492982 0.670638 0.497136
0 0.772240 0.613698 0.761510 0.621315 0.754934 0.641393 0.743516 0.653854 0.740756 0.669427 0.751484 0.673229 0.767058 0.688112 0.787812 0.687070 0.790938 0.667695 0.777084 0.656965 0.781236 0.634114 0.782278 0.616472
0 0.670846 0.695378 0.662188 0.685001 0.646966 0.676693 0.624466 0.685001 0.607514 0.705064 0.608542 0.720990 0.631042 0.726185 0.646354 0.715495 0.660156 0.705730
0 0.843190 0.709909 0.836966 0.716485 0.839036 0.736563 0.822422 0.742786 0.807890 0.730339 0.801666 0.723412 0.786784 0.727903 0.759440 0.723412 0.740052 0.713034 0.728294 0.709909 0.715482 0.720638 0.696796 0.724453 0.686068 0.725833 0.669804 0.725144 0.662540 0.713724 0.668072 0.703686 0.680182 0.700573 0.698528 0.699532 0.713412 0.693998 0.724830 0.687070 0.734870 0.683606 0.760820 0.692956 0.779506 0.698489 0.800964 0.693307 0.831080 0.692266 0.841120 0.696758
0 0.699362 0.740208 0.685912 0.733736 0.671954 0.736068 0.672214 0.750547 0.680222 0.761146 0.695742 0.760364 0.698828 0.752344
0 0.851042 0.767448 0.843750 0.750911 0.831770 0.753255 0.821614 0.767317 0.822110 0.787214 0.842448 0.786458
0 0.733854 0.871744 0.720638 0.868294 0.709062 0.872929 0.700390 0.885547 0.705730 0.893489 0.720182 0.896563 0.734766 0.887761
0 0.940742 0.710872 0.941342 0.715950 0.946718 0.723437 0.959882 0.731811 0.972148 0.741980 0.970950 0.755443 0.947916 0.770091 0.917708 0.773086 0.905144 0.748854 0.918008 0.734805 0.923684 0.712969 0.909934 0.727617 0.897070 0.721341 0.896770 0.712670 0.879726 0.718346 0.868060 0.717748 0.865664 0.698307 0.874036 0.691133 0.895572 0.693815 0.914714 0.674376 0.932670 0.679766 0.959882 0.681562 0.990092 0.679766 0.998698 0.680895 0.998698 0.709595 0.975442 0.708177
0 0.998698 0.560544 0.988620 0.553204 0.981692 0.563242 0.990690 0.589545 0.998698 0.611954
0 0.950546 0.532448 0.926316 0.567044 0.928398 0.571901 0.887904 0.612382 0.872682 0.622083 0.845678 0.625195 0.847408 0.638346 0.871290 0.643880 0.895182 0.648047 0.941198 0.608580 0.960586 0.569465 0.967162 0.551471
0 0.948046 0.510938 0.961210 0.507174 0.972278 0.516171 0.975390 0.532032 0.987852 0.539714 0.998698 0.540616 0.998698 0.511512 0.981106 0.487800 0.962110 0.484376 0.944766 0.467031 0.923998 0.470144 0.921236 0.482253 0.935768 0.493333
