0 0.028619 0.755169 0.013659 0.751876 0.000000 0.746407 0.000000 0.764923 0.015157 0.770716 0.018451 0.785677 0.024427 0.794648 0.038489 0.791054 0.033399 0.768320
0 0.187747 0.766536 0.176081 0.765638 0.168893 0.770716 0.167709 0.781184 0.173385 0.789557 0.187449 0.791354 0.193099 0.775260
0 0.086341 0.807214 0.079467 0.802422 0.069895 0.807214 0.061225 0.809896 0.050755 0.813490 0.056433 0.825755 0.066303 0.832930 0.076173 0.839817 0.081863 0.847891 0.081863 0.857760 0.073477 0.861354 0.057929 0.848789 0.046263 0.840716 0.029817 0.845794 0.034895 0.857760 0.044467 0.870625 0.057631 0.881394 0.073477 0.882592 0.086641 0.879896 0.098007 0.883489 0.111771 0.892460 0.117149 0.898138 0.111471 0.905625 0.108177 0.908007 0.149453 0.908906 0.137487 0.903529 0.137487 0.894258 0.134205 0.886472 0.126419 0.876302 0.117149 0.868229 0.104597 0.863737 0.104597 0.855665 0.112969 0.851784 0.120743 0.848190 0.122839 0.840417 0.126419 0.833619 0.113619 0.827761 0.099415 0.823607 0.091823 0.814961
0 0.160677 0.909245 0.166237 0.904205 0.169909 0.899765 0.180535 0.901692 0.185937 0.908840
0 0.240391 0.874089 0.231119 0.868489 0.219545 0.870026 0.216641 0.881224 0.223789 0.887800 0.235183 0.886640 0.239037 0.882774
0 0.356459 0.854584 0.347187 0.849948 0.337527 0.849558 0.330769 0.857669 0.336367 0.867136 0.347187 0.870026 0.356263 0.861536
0 0.344037 0.757891 0.332669 0.752461 0.320001 0.755313 0.321029 0.775222 0.332149 0.776511 0.345339 0.769011
0 0.063061 0.645521 0.054037 0.644531 0.049869 0.634402 0.035651 0.627161 0.024791 0.624324 0.016263 0.630000 0.019401 0.639323 0.032553 0.644739 0.025053 0.655078 0.035391 0.660508 0.035651 0.670847 0.038243 0.676015 0.049869 0.675781 0.067449 0.675260 0.075717 0.670599 0.087109 0.660027 0.071329 0.652760
0 0.071615 0.757813 0.061979 0.748842 0.045027 0.747109 0.042579 0.758854 0.042969 0.772005 0.048177 0.784896 0.061289 0.787605 0.071355 0.783464 0.073437 0.767838
0 0.708007 0.750481 0.703373 0.738906 0.691785 0.735195 0.683451 0.748632 0.689011 0.760209 0.695495 0.780599 0.694101 0.794036 0.681589 0.787083 0.666303 0.781523 0.649167 0.790794 0.626927 0.804687 0.621367 0.812566 0.635729 0.819050 0.644987 0.830638 0.661667 0.833411 0.669089 0.820912 0.682057 0.814427 0.694571 0.822292 0.714023 0.831107 0.722825 0.851028 0.752019 0.860756 0.776107 0.832487 0.733945 0.822761 0.723295 0.809792 0.720977 0.786627 0.756653 0.769479 0.749701 0.756511 0.724219 0.756511
0 0.912317 0.908932 0.926225 0.896888 0.952161 0.893190 0.979505 0.888555 0.983203 0.876510 0.964675 0.867709 0.923907 0.880208 0.898893 0.896888 0.892865 0.902447 0.887773 0.871875 0.871549 0.868164 0.854869 0.860287 0.841433 0.844075 0.821055 0.847773 0.820587 0.859831 0.840507 0.873724 0.844219 0.887630 0.853477 0.898749 0.866915 0.908007
0 0.882669 0.819987 0.869701 0.807006 0.847461 0.804232 0.833099 0.815808 0.835417 0.827852 0.859037 0.838047 0.875717 0.837591
0 0.923907 0.860756 0.920665 0.827396 0.921119 0.802369 0.927617 0.788945 0.932709 0.771797 0.930391 0.755586 0.948919 0.731028 0.962357 0.698124 0.941979 0.689791 0.922513 0.702305 0.912787 0.723607 0.901667 0.742604 0.910469 0.765313 0.896575 0.780130 0.886381 0.793112 0.902591 0.801913 0.891941 0.826003 0.890079 0.844075 0.897501 0.853333
0 0.884519 0.729635 0.883593 0.704154 0.869231 0.694426 0.855795 0.707396 0.859037 0.730560 0.872019 0.739830
0 0.998698 0.777889 0.998698 0.771423 0.994649 0.760404 0.980117 0.751406 0.969401 0.763150 0.976303 0.785026 0.995313 0.787369
0 0.998698 0.441528 0.987721 0.438893 0.975963 0.445469 0.969389 0.467266 0.969037 0.482839 0.978035 0.494948 0.997761 0.494948 0.998698 0.493598
0 0.981145 0.341979 0.983581 0.327109 0.965573 0.327109 0.957265 0.335065 0.952773 0.349947 0.969727 0.354792 0.981497 0.349947
0 0.982877 0.370716 0.968699 0.366563 0.949311 0.371054 0.943087 0.383515 0.937539 0.390091 0.931315 0.393555 0.934427 0.399779 0.948971 0.399779 0.963151 0.395977 0.976303 0.388710 0.981497 0.380404
0 0.674179 0.613658 0.673477 0.636497 0.671757 0.654154 0.671407 0.671458 0.667253 0.682187 0.653411 0.678385 0.643021 0.680807 0.643373 0.690143 0.660325 0.698802 0.666563 0.696381 0.667943 0.716445 0.681445 0.725104 0.692513 0.716107 0.690781 0.700183 0.698061 0.697070 0.705665 0.704337 0.733699 0.704337 0.739245 0.693958 0.731967 0.683919 0.693907 0.679414 0.685247 0.678385 0.692513 0.661770 0.706355 0.634075 0.704975 0.619896 0.692513 0.607774 0.683203 0.604687
0 0.000000 0.000000 0.000000 0.056714 0.011081 0.051511 0.005091 0.041341 0.000000 0.040114 0.000000 0.021512 0.048763 0.020091 0.077487 0.012343 0.077326 0.000000
0 0.845209 0.322851 0.832747 0.324570 0.823061 0.333230 0.825481 0.345690 0.834831 0.349154 0.845561 0.342916 0.851433 0.331120
0 0.823411 0.270937 0.815795 0.266784 0.804023 0.269896 0.795717 0.280964 0.787071 0.293776 0.796067 0.301042 0.811329 0.294792 0.820639 0.284088
0 0.746575 0.305885 0.737227 0.303125 0.722695 0.308307 0.716811 0.314883 0.722695 0.328385 0.739649 0.327005 0.751041 0.318360
0 0.918933 0.233216 0.906471 0.224206 0.895053 0.229062 0.886393 0.240482 0.872891 0.243932 0.874285 0.261940 0.888125 0.265742 0.898855 0.265742 0.906471 0.273359 0.920313 0.261198 0.919271 0.245325
0 0.873933 0.169869 0.857669 0.183034 0.852825 0.194453 0.849363 0.209675 0.825481 0.207253 0.821329 0.194101 0.834141 0.187877 0.845561 0.179219 0.845899 0.155000 0.852825 0.149453 0.865287 0.151536 0.870469 0.158450
0 0.998698 0.035539 0.994179 0.036458 0.989935 0.042722 0.997305 0.054115 0.998698 0.054538
0 0.902527 0.051693 0.892487 0.053425 0.886601 0.058607 0.886953 0.061718 0.906679 0.060000 0.921549 0.057227 0.931941 0.060000 0.938165 0.066913 0.928139 0.075221 0.916015 0.080755 0.896641 0.086302 0.887643 0.082148 0.883829 0.078685 0.870339 0.086302 0.855795 0.081459 0.860651 0.072799 0.869649 0.062422 0.869297 0.049961 0.875873 0.040964 0.879337 0.036810 0.869987 0.028151 0.865833 0.020195 0.862031 0.005664 0.865071 0.000000 0.888036 0.000000 0.889713 0.009817 0.891797 0.017773 0.902175 0.021238 0.909033 0.000000 0.972679 0.000000 0.970351 0.022618 0.954779 0.033697 0.943359 0.029544 0.951315 0.000820 0.939205 0.026770 0.931941 0.030234 0.912213 0.030924 0.909101 0.043724
0 0.845665 0.059063 0.831251 0.056250 0.813633 0.058255 0.796419 0.067865 0.804817 0.080286 0.820443 0.078685 0.840065 0.075872 0.846067 0.070274
0 0.701511 0.027826 0.695963 0.044662 0.711927 0.047448 0.729545 0.055456 0.738347 0.060261 0.741953 0.066667 0.755573 0.072265 0.763581 0.092292 0.759975 0.116719 0.752343 0.135546 0.767579 0.150755 0.765183 0.164375 0.748763 0.167579 0.763177 0.183997 0.745561 0.202005 0.708725 0.201615 0.710039 0.213178 0.701393 0.226680 0.686537 0.241250 0.674401 0.261315 0.651225 0.266158 0.647409 0.242982 0.667161 0.224636 0.677369 0.194609 0.690183 0.172097 0.673203 0.168658 0.665599 0.153438 0.652461 0.167969 0.641731 0.161042 0.649701 0.135417 0.659713 0.129219 0.673567 0.134062 0.686015 0.139948 0.704713 0.143033 0.710599 0.155482 0.706081 0.166576 0.713007 0.168658 0.729257 0.152396 0.735143 0.122292 0.728307 0.082799 0.708515 0.079519 0.698945 0.061536 0.674727 0.049882 0.678647 0.030430 0.685821 0.022383 0.694179 0.021770
0 0.043711 0.285430 0.037487 0.292005 0.039557 0.312083 0.022943 0.318307 0.008411 0.305860 0.002187 0.298933 0.000000 0.299593 0.000000 0.269186 0.001485 0.268828 0.031601 0.267786 0.041641 0.272279
0 0.051563 0.342969 0.044271 0.326432 0.032291 0.328775 0.022135 0.342838 0.022631 0.362735 0.042969 0.361979
0 0.141263 0.286393 0.141863 0.291471 0.147239 0.298958 0.160403 0.307331 0.172669 0.317501 0.171471 0.330963 0.148437 0.345611 0.118229 0.348607 0.105665 0.324375 0.118529 0.310326 0.124205 0.288490 0.110455 0.303138 0.097591 0.296861 0.097291 0.288191 0.080247 0.293867 0.068581 0.293269 0.066185 0.273828 0.074557 0.266654 0.096093 0.269336 0.115235 0.249896 0.133191 0.255287 0.160403 0.257083 0.190613 0.255287 0.208867 0.257683 0.227709 0.265456 0.252527 0.273828 0.250443 0.285195 0.238777 0.300755 0.239375 0.321693 0.225013 0.323476 0.212449 0.307930 0.210351 0.285795 0.175963 0.283698
0 0.344661 0.354883 0.314753 0.343828 0.299193 0.343529 0.297995 0.356081 0.311757 0.363867 0.327305 0.371940 0.339869 0.365651
0 0.377605 0.383333 0.373971 0.374336 0.355729 0.379414 0.354949 0.392839 0.364713 0.399999 0.373673 0.394675
0 0.425899 0.476342 0.415703 0.461979 0.405507 0.448541 0.387435 0.443450 0.377239 0.459661 0.391147 0.480052 0.401341 0.491172 0.395313 0.514791 0.392071 0.537500 0.404115 0.540286 0.412917 0.524532 0.427747 0.513412 0.431459 0.496263 0.428673 0.486537
0 0.264231 0.265078 0.261471 0.279622 0.254897 0.294844 0.250391 0.314571 0.259049 0.318033 0.287423 0.307995 0.299193 0.294844 0.301967 0.290691 0.313385 0.296237 0.322721 0.292084 0.342109 0.301770 0.370481 0.310417 0.385027 0.304193 0.409245 0.300729 0.423777 0.291732 0.424817 0.280664 0.387097 0.277538 0.363567 0.285156 0.353177 0.268541 0.324739 0.274088 0.287773 0.258853 0.275665 0.258853
0 0.220977 0.151914 0.189141 0.128724 0.182213 0.138763 0.191211 0.165066 0.201601 0.194141 0.218203 0.195521 0.244167 0.194141 0.254897 0.182370 0.249011 0.162292 0.237591 0.157110
0 0.151067 0.107968 0.126837 0.142565 0.128919 0.147422 0.088425 0.187903 0.073203 0.197604 0.046199 0.200716 0.047929 0.213867 0.071811 0.219401 0.095703 0.223568 0.141719 0.184101 0.161107 0.144986 0.167683 0.126992
0 0.379831 0.071523 0.371523 0.081550 0.337605 0.084323 0.318919 0.070130 0.293997 0.095403 0.273933 0.110977 0.254897 0.153542 0.291927 0.169805 0.337955 0.171198 0.323763 0.140743 0.340377 0.117200 0.388139 0.103711 0.387449 0.077057
0 0.538333 0.117552 0.543529 0.131042 0.568451 0.124817 0.564987 0.107513 0.549415 0.094362 0.522761 0.083633 0.513763 0.078437 0.531757 0.058372 0.520691 0.049713 0.480535 0.057331 0.463243 0.049713 0.481237 0.016497 0.476731 0.006459 0.461511 0.008880 0.442123 0.025495 0.451802 0.000000 0.424783 0.000000 0.420183 0.029688 0.410521 0.048229 0.392083 0.057435 0.397305 0.074636 0.418933 0.080234 0.436927 0.061029 0.450157 0.059818 0.458985 0.067019 0.505013 0.098659
0 0.602149 0.000000 0.578907 0.007553 0.576974 0.000000
0 0.619545 0.062579 0.612787 0.057174 0.601967 0.058724 0.595027 0.067604 0.607187 0.076485 0.618971 0.070885
0 0.148567 0.086459 0.161731 0.082695 0.172799 0.091692 0.175911 0.107552 0.188373 0.115235 0.225755 0.118346 0.245821 0.099310 0.260417 0.090365 0.262501 0.078906 0.248593 0.072318 0.254127 0.060898 0.267969 0.053633 0.276277 0.048086 0.284583 0.037357 0.283203 0.025937 0.295183 0.024870 0.307031 0.018099 0.311927 0.008295 0.331653 0.006563 0.340313 0.012097 0.338919 0.029049 0.340313 0.039779 0.351029 0.037709 0.363151 0.028360 0.383217 0.015560 0.379765 0.002057 0.374902 0.000000 0.343789 0.000000 0.342735 0.000326 0.342503 0.000000 0.277438 0.000000 0.276523 0.004167 0.264545 0.006251 0.250787 0.000000 0.209490 0.000000 0.212423 0.015208 0.231811 0.021785 0.227657 0.032175 0.233541 0.045664 0.228699 0.058815 0.216927 0.089961 0.205507 0.095508 0.181627 0.063321 0.162631 0.059896 0.145287 0.042552 0.124519 0.045664 0.121757 0.057774 0.136289 0.068854
0 0.526601 0.168567 0.519687 0.157838 0.510339 0.161992 0.504453 0.173412 0.512409 0.181016 0.520717 0.176862
0 0.638385 0.286575 0.625235 0.280352 0.603777 0.281041 0.597553 0.292109 0.606199 0.302500 0.616927 0.303190 0.632161 0.297656
0 0.546679 0.333646 0.528333 0.330183 0.514141 0.339532 0.515873 0.353372 0.538021 0.357526 0.553593 0.346445
0 0.830013 0.453007 0.852435 0.456211 0.885273 0.453007 0.896485 0.444192 0.879661 0.434583 0.894883 0.415756 0.906889 0.397747 0.916107 0.378125 0.914505 0.361302 0.877265 0.362110 0.868451 0.377317 0.866849 0.396536 0.853243 0.415756 0.838021 0.430573
0 0.618555 0.347551 0.644167 0.334401 0.679817 0.331979 0.699883 0.337526 0.724805 0.347551 0.726537 0.365899 0.722383 0.381132 0.707501 0.375585 0.697461 0.362786 0.675313 0.360013 0.650403 0.363477 0.625481 0.358972
0 0.671485 0.410938 0.653165 0.404310 0.630677 0.405703 0.629635 0.423699 0.647279 0.434765 0.667357 0.431315 0.673959 0.420573
0 0.730339 0.389062 0.748047 0.387760 0.782943 0.395665 0.788541 0.416016 0.796485 0.431640 0.803777 0.443749 0.799909 0.457956 0.801979 0.461770 0.815131 0.457956 0.823437 0.464192 0.822057 0.475260 0.813751 0.485990 0.801979 0.489791 0.803373 0.498099 0.816523 0.499831 0.813751 0.514714 0.792291 0.523020 0.764257 0.526133 0.744531 0.520247 0.732761 0.511954 0.740039 0.501562 0.762527 0.497760 0.771875 0.494649 0.778803 0.481146 0.778803 0.471107 0.768359 0.451432 0.745963 0.429297 0.731731 0.419193 0.700587 0.421275 0.691589 0.411589 0.702657 0.399467 0.716497 0.396354
0 0.862201 0.542748 0.864623 0.534101 0.848359 0.532369 0.836941 0.537551 0.821705 0.537551 0.817553 0.547943 0.827213 0.561068 0.845183 0.560417 0.853893 0.552097
0 0.920053 0.514063 0.905859 0.514714 0.901315 0.522670 0.889843 0.527214 0.883725 0.537500 0.899219 0.543490 0.909271 0.532369
0 0.982943 0.561588 0.970977 0.571210 0.959311 0.571511 0.958113 0.562540 0.964401 0.555651 0.975455 0.551471 0.982943 0.552669
0 0.575455 0.538098 0.562643 0.532487 0.553437 0.538098 0.549831 0.550104 0.560287 0.557292 0.572657 0.553308
0 0.972161 0.142409 0.963593 0.135976 0.949115 0.137058 0.947501 0.145624 0.956615 0.156354 0.972695 0.162252 0.976459 0.153139
0 0.283841 0.743854 0.277813 0.753125 0.265313 0.754049 0.261601 0.743854 0.275507 0.735521
