0 0.080078 0.910157 0.075482 0.889297 0.079648 0.883737 0.034244 0.852226 0.049480 0.831901 0.031002 0.823034 0.036562 0.816094 0.019882 0.789218 0.002734 0.797552 0.000000 0.809205 0.000000 0.814427 0.007838 0.823503 0.007370 0.848515 0.054636 0.908749
0 0.169010 0.908594 0.172656 0.883724 0.185482 0.885221 0.201628 0.908855
0 0.281198 0.888217 0.269232 0.878633 0.251276 0.878932 0.246796 0.887318 0.255170 0.898984 0.272812 0.906158 0.284778 0.898984 0.310808 0.877149 0.301236 0.855911 0.285678 0.865482 0.285678 0.886120
0 0.142110 0.872956 0.122656 0.856511 0.109206 0.866979 0.125950 0.887318 0.140612 0.892096 0.156158 0.890899 0.165430 0.880429 0.160352 0.874153 0.166328 0.866979 0.177396 0.865781 0.185182 0.854115 0.164544 0.844245 0.167226 0.840352 0.182486 0.846927 0.191458 0.830481 0.182786 0.815221 0.173516 0.820013 0.166028 0.833477 0.148984 0.819415 0.171120 0.811341 0.171120 0.794882 0.160052 0.787409 0.165730 0.773646 0.142708 0.766471 0.126848 0.772149 0.078998 0.751511 0.068230 0.754206 0.066432 0.765273 0.116980 0.805352 0.127448 0.836458 0.148386 0.846927 0.151680 0.862187
0 0.109050 0.751185 0.121016 0.717083 0.110248 0.678203 0.127890 0.675807 0.134180 0.694350 0.145846 0.679102 0.162890 0.691966 0.164986 0.711705 0.126406 0.750286
0 0.200286 0.721875 0.192200 0.693750 0.174558 0.699140 0.187722 0.730547 0.173360 0.741315 0.181732 0.775117 0.205364 0.777513 0.211054 0.752084 0.238868 0.727553 0.260938 0.759115 0.280078 0.749219 0.253256 0.713673 0.254428 0.709010 0.268476 0.719479 0.306172 0.681197 0.330690 0.684180 0.335782 0.705717 0.350742 0.699740 0.347148 0.654270 0.313346 0.654571 0.312148 0.645000 0.290014 0.646198 0.285834 0.659062 0.266680 0.656965 0.264296 0.672213 0.245144 0.691367 0.219922 0.647135 0.215104 0.638933 0.223308 0.594271 0.214974 0.585417 0.201562 0.591276 0.200652 0.613671 0.192838 0.632161 0.210756 0.686576 0.219128 0.697643 0.227800 0.697045 0.228998 0.712903
0 0.198164 0.561342 0.193972 0.573307 0.186498 0.580182 0.179908 0.586757 0.172734 0.593046 0.160468 0.596927 0.150000 0.593646 0.142826 0.587656 0.142226 0.583477 0.148802 0.575091 0.156876 0.567018 0.169140 0.559245 0.187110 0.548828
0 0.319896 0.593646 0.312722 0.585273 0.300756 0.587955 0.298658 0.599323 0.298658 0.612187 0.299258 0.624154 0.311524 0.626849 0.319296 0.618762 0.322292 0.598425
0 0.413816 0.641198 0.393476 0.654662 0.380912 0.668725 0.386328 0.686719 0.405208 0.672266 0.423984 0.672605 0.443138 0.666927 0.439244 0.651367 0.426980 0.642695
0 0.587006 0.621158 0.572656 0.628633 0.565768 0.642695 0.578932 0.651068 0.593894 0.642994 0.601068 0.635821 0.599870 0.625051
0 0.623502 0.698932 0.613932 0.696237 0.606146 0.702227 0.610338 0.714778 0.622304 0.716875 0.625898 0.704610
0 0.828098 0.755169 0.813138 0.751876 0.798178 0.745886 0.784726 0.740508 0.775156 0.744701 0.779336 0.757253 0.794296 0.762942 0.814636 0.770716 0.817930 0.785677 0.823906 0.794648 0.837968 0.791054 0.832878 0.768320
0 0.987226 0.766536 0.975560 0.765638 0.968372 0.770716 0.967188 0.781184 0.972864 0.789557 0.986928 0.791354 0.992578 0.775260
0 0.885820 0.807214 0.878946 0.802422 0.869374 0.807214 0.860704 0.809896 0.850234 0.813490 0.855912 0.825755 0.865782 0.832930 0.875652 0.839817 0.881342 0.847891 0.881342 0.857760 0.872956 0.861354 0.857408 0.848789 0.845742 0.840716 0.829296 0.845794 0.834374 0.857760 0.843946 0.870625 0.857110 0.881394 0.872956 0.882592 0.886120 0.879896 0.897486 0.883489 0.911250 0.892460 0.916628 0.898138 0.910950 0.905625 0.907656 0.908007 0.948932 0.908906 0.936966 0.903529 0.936966 0.894258 0.933684 0.886472 0.925898 0.876302 0.916628 0.868229 0.904076 0.863737 0.904076 0.855665 0.912448 0.851784 0.920222 0.848190 0.922318 0.840417 0.925898 0.833619 0.913098 0.827761 0.898894 0.823607 0.891302 0.814961
0 0.960156 0.909245 0.965716 0.904205 0.969388 0.899765 0.980014 0.901692 0.985416 0.908840
0 0.862540 0.645521 0.853516 0.644531 0.849348 0.634402 0.835130 0.627161 0.824270 0.624324 0.815742 0.630000 0.818880 0.639323 0.832032 0.644739 0.824532 0.655078 0.834870 0.660508 0.835130 0.670847 0.837722 0.676015 0.849348 0.675781 0.866928 0.675260 0.875196 0.670599 0.886588 0.660027 0.870808 0.652760
0 0.871094 0.757813 0.861458 0.748842 0.844506 0.747109 0.842058 0.758854 0.842448 0.772005 0.847656 0.784896 0.860768 0.787605 0.870834 0.783464 0.872916 0.767838
0 0.688424 0.848165 0.676954 0.846745 0.667708 0.854687 0.664584 0.866797 0.665886 0.879297 0.677734 0.883463 0.686002 0.879662 0.694310 0.864089 0.695000 0.855781
0 0.082682 0.443098 0.068568 0.433385 0.048736 0.442500 0.053124 0.462890 0.080860 0.461719
0 0.255468 0.431589 0.249934 0.441966 0.244050 0.456160 0.237122 0.466198 0.226744 0.468619 0.207370 0.455117 0.188334 0.464115 0.176562 0.484193 0.182096 0.492838 0.210482 0.493190 0.262396 0.489726 0.258580 0.468619 0.268268 0.456160 0.277214 0.442318 0.266550 0.430547
0 0.393216 0.557904 0.384558 0.593203 0.371068 0.603932 0.358256 0.599778 0.366210 0.556874 0.364830 0.540261 0.349948 0.534714 0.352370 0.509454 0.371406 0.504258 0.381446 0.523646 0.394244 0.530221 0.404974 0.508763 0.427122 0.505652 0.436120 0.482109 0.438828 0.442044 0.444506 0.412409 0.460938 0.409713 0.463946 0.435456 0.482188 0.437539 0.491458 0.455390 0.470598 0.463736 0.466888 0.479935 0.477552 0.496615 0.484960 0.511458 0.462734 0.517005 0.459036 0.519322 0.459036 0.532748 0.453464 0.543412 0.431692 0.542956 0.411316 0.550808
0 0.647786 0.567448 0.629830 0.561263 0.608724 0.567839 0.590716 0.579609 0.595912 0.593803 0.618750 0.599335 0.635364 0.597253 0.654402 0.585833 0.655092 0.577188
0 0.518736 0.517305 0.496876 0.513803 0.483072 0.520834 0.474440 0.531849 0.493126 0.543268 0.510430 0.540157 0.518386 0.528034
0 0.548502 0.467122 0.539506 0.477851 0.532240 0.492734 0.543658 0.504505 0.566146 0.511080 0.583112 0.518347 0.589336 0.524231 0.607330 0.524231 0.602838 0.506589 0.600416 0.503125 0.629830 0.496549 0.642292 0.494817 0.654402 0.492045 0.666862 0.483047 0.665130 0.465742 0.635716 0.465742 0.611836 0.460547 0.598334 0.470937 0.577916 0.490313 0.571342 0.488581 0.573412 0.477162 0.576536 0.464010 0.574114 0.460208 0.594532 0.452591 0.596602 0.444635 0.593138 0.434245 0.584844 0.422825 0.573764 0.412800 0.558190 0.401029 0.533620 0.387877 0.523932 0.379571 0.535690 0.368842 0.551614 0.371615 0.559570 0.384062 0.577226 0.371615 0.588646 0.392370 0.606992 0.395143 0.642292 0.390300 0.640560 0.371615 0.619726 0.361993 0.599688 0.354519 0.588294 0.342265 0.573932 0.351809 0.556016 0.347630 0.550338 0.329973 0.529674 0.316823 0.571550 0.298581 0.571276 0.285430 0.559610 0.272252 0.531784 0.286615 0.505756 0.289896 0.512018 0.266576 0.522200 0.240859 0.514726 0.224115 0.500976 0.200156 0.489010 0.192994 0.496484 0.184310 0.530300 0.214518 0.567670 0.200468 0.620000 0.195377 0.640938 0.173855 0.663398 0.160703 0.648724 0.145442 0.710638 0.116406 0.739362 0.145442 0.763282 0.128697 0.738776 0.099374 0.773764 0.094883 0.797408 0.085598 0.790208 0.076641 0.767774 0.077812 0.743242 0.078724 0.744140 0.072761 0.758190 0.059297 0.771068 0.053320 0.790208 0.061067 0.810560 0.051511 0.804570 0.041341 0.772278 0.033555 0.775846 0.022200 0.848242 0.020091 0.876966 0.012343 0.876805 0.000000 0.742216 0.000000 0.743554 0.009050 0.738776 0.033555 0.727396 0.020716 0.712434 0.023373 0.712434 0.041927 0.725312 0.050300 0.706940 0.081588 0.686524 0.094531 0.661458 0.074362 0.654466 0.092981 0.618790 0.096054 0.608958 0.150351 0.588294 0.122187 0.553790 0.149661 0.530572 0.160872 0.516146 0.146068 0.500156 0.156067 0.498138 0.145274 0.510534 0.118829 0.487318 0.102005 0.472500 0.124049 0.456888 0.125260 0.450494 0.142461 0.458894 0.149661 0.455300 0.173724 0.435260 0.190924 0.421692 0.204792 0.397122 0.199713 0.394348 0.210820 0.399922 0.231199 0.417058 0.223347 0.435572 0.230274 0.453190 0.227955 0.443464 0.209883 0.453190 0.205729 0.477760 0.217773 0.463842 0.226562 0.483294 0.243243 0.480534 0.260416 0.449934 0.258541 0.444844 0.273359 0.449934 0.287266 0.482356 0.288203 0.476822 0.297474 0.459206 0.299766 0.458178 0.310559 0.482058 0.320938 0.437058 0.321640 0.428750 0.336171 0.412148 0.340664 0.389986 0.336171 0.387226 0.355547 0.405912 0.369402 0.448138 0.366628 0.457826 0.361094 0.510078 0.350013 0.485508 0.376315 0.491744 0.391198 0.496588 0.403998 0.506628 0.408502 0.503502 0.428919 0.502812 0.449336 0.505586 0.460065 0.522540 0.452462 0.525312 0.434114 0.539154 0.452110
0 0.093438 0.324948 0.082670 0.324948 0.077644 0.337149 0.093438 0.346485 0.101328 0.335000
0 0.235520 0.228788 0.213282 0.241706 0.198216 0.233099 0.215430 0.215873 0.231224 0.214440
0 0.000000 0.183594 0.023828 0.192904 0.035300 0.200795 0.034584 0.217304 0.009466 0.218737 0.001576 0.212995
0 0.186446 0.015521 0.173046 0.029999 0.149454 0.043398 0.124258 0.038581 0.126406 0.022500 0.133372 0.010704 0.152345 0.000000 0.168076 0.000000 0.174648 0.000521
0 0.000000 0.038907 0.021342 0.045546 0.044388 0.051979 0.062084 0.057344 0.073868 0.048763 0.091028 0.047149 0.102826 0.060013 0.110860 0.073425 0.125872 0.094323 0.121042 0.111484 0.099062 0.112018 0.069584 0.081992 0.045456 0.083607 0.010612 0.081992 0.000000 0.076158
0 0.019239 0.000000 0.019792 0.000651 0.025782 0.010025 0.015624 0.015625 0.000626 0.015364 0.000061 0.000000
0 0.096692 0.276433 0.088920 0.271641 0.078152 0.274037 0.072774 0.277630 0.076654 0.289297 0.088320 0.294974 0.099088 0.289297 0.101784 0.280625
0 0.682058 0.070234 0.682748 0.057774 0.683086 0.045325 0.686902 0.031471 0.679636 0.016602 0.674440 0.002057 0.671303 0.000000 0.628412 0.000000 0.626328 0.006563 0.637408 0.013829 0.640182 0.037357 0.656446 0.044284 0.660938 0.068503 0.670638 0.072657
0 0.772240 0.189219 0.761510 0.196836 0.754934 0.216914 0.743516 0.229375 0.740756 0.244948 0.751484 0.248750 0.767058 0.263633 0.787812 0.262591 0.790938 0.243215 0.777084 0.232486 0.781236 0.209635 0.782278 0.191993
0 0.670846 0.270899 0.662188 0.260522 0.646966 0.252214 0.624466 0.260522 0.607514 0.280585 0.608542 0.296511 0.631042 0.301706 0.646354 0.291015 0.660156 0.281251
0 0.843190 0.285430 0.836966 0.292005 0.839036 0.312083 0.822422 0.318307 0.807890 0.305860 0.801666 0.298933 0.786784 0.303424 0.759440 0.298933 0.740052 0.288555 0.728294 0.285430 0.715482 0.296159 0.696796 0.299974 0.686068 0.301354 0.669804 0.300665 0.662540 0.289245 0.668072 0.279206 0.680182 0.276094 0.698528 0.275053 0.713412 0.269519 0.724830 0.262591 0.734870 0.259127 0.760820 0.268477 0.779506 0.274010 0.800964 0.268828 0.831080 0.267786 0.841120 0.272279
0 0.699362 0.315729 0.685912 0.309257 0.671954 0.311589 0.672214 0.326068 0.680222 0.336667 0.695742 0.335885 0.698828 0.327865
0 0.851042 0.342969 0.843750 0.326432 0.831770 0.328775 0.821614 0.342838 0.822110 0.362735 0.842448 0.361979
0 0.733854 0.447265 0.720638 0.443815 0.709062 0.448450 0.700390 0.461068 0.705730 0.469010 0.720182 0.472084 0.734766 0.463282
0 0.940742 0.286393 0.941342 0.291471 0.946718 0.298958 0.959882 0.307331 0.972148 0.317501 0.970950 0.330963 0.947916 0.345611 0.917708 0.348607 0.905144 0.324375 0.918008 0.310326 0.923684 0.288490 0.909934 0.303138 0.897070 0.296861 0.896770 0.288191 0.879726 0.293867 0.868060 0.293269 0.865664 0.273828 0.874036 0.266654 0.895572 0.269336 0.914714 0.249896 0.932670 0.255287 0.959882 0.257083 0.990092 0.255287 0.998698 0.256416 0.998698 0.285116 0.975442 0.283698
0 0.998698 0.136065 0.988620 0.128724 0.981692 0.138763 0.990690 0.165066 0.998698 0.187475
0 0.950546 0.107968 0.926316 0.142565 0.928398 0.147422 0.887904 0.187903 0.872682 0.197604 0.845678 0.200716 0.847408 0.213867 0.871290 0.219401 0.895182 0.223568 0.941198 0.184101 0.960586 0.144986 0.967162 0.126992
0 0.948046 0.086459 0.961210 0.082695 0.972278 0.091692 0.975390 0.107552 0.987852 0.115235 0.998698 0.116137 0.998698 0.087033 0.981106 0.063321 0.962110 0.059896 0.944766 0.042552 0.923998 0.045664 0.921236 0.057774 0.935768 0.068854
0 0.637500 0.814427 0.633098 0.807227 0.621080 0.810821 0.614674 0.821236 0.617486 0.832044 0.631498 0.825638
