0 0.000000 0.161155 0.008971 0.162409 0.018985 0.154401 0.013373 0.145196 0.024987 0.139180 0.029791 0.119558 0.036601 0.113958 0.062227 0.099949 0.069037 0.088724 0.052213 0.081523 0.036993 0.091927 0.018581 0.097540 0.000000 0.110980 0.000000 0.113939 0.000963 0.124766 0.000000 0.124532
0 0.025691 0.354309 0.028933 0.335768 0.021055 0.323724 0.023373 0.295468 0.032631 0.285742 0.035417 0.266745 0.047929 0.270912 0.067851 0.286198 0.077109 0.306589 0.072019 0.334844 0.049779 0.350598
0 0.000000 0.205682 0.000000 0.227678 0.004831 0.228281 0.013177 0.236627 0.038191 0.240794 0.054869 0.224583 0.050235 0.206042 0.020587 0.207904 0.002981 0.208829
0 0.098645 0.256940 0.110429 0.226549 0.106705 0.195534 0.109817 0.167617 0.124075 0.158321 0.140209 0.147149 0.152605 0.133502 0.182383 0.140325 0.196641 0.157070 0.180521 0.184362 0.155091 0.191185 0.143933 0.206081 0.158815 0.215377 0.140209 0.235221 0.141445 0.246394 0.125325 0.265000 0.112291 0.261900
0 0.523945 0.034206 0.536355 0.028619 0.550001 0.013738 0.546277 0.008151 0.536979 0.003815 0.524571 0.014362 0.519609 0.023047
0 0.185911 0.189883 0.171029 0.189883 0.165443 0.196094 0.169167 0.211602 0.170417 0.221524 0.181575 0.221524 0.189023 0.214700 0.189023 0.203528
0 0.226927 0.257552 0.199687 0.265560 0.194089 0.267161 0.196889 0.279570 0.216107 0.276771 0.230925 0.272774 0.229323 0.265560
0 0.323907 0.172019 0.331119 0.160808 0.340729 0.153998 0.350339 0.147187 0.352331 0.141992 0.347135 0.135182 0.328307 0.125964 0.320299 0.129974 0.314297 0.138385 0.307891 0.148398 0.306289 0.156003 0.307891 0.164010 0.315899 0.168412
0 0.283907 0.154479 0.287005 0.145442 0.291145 0.138203 0.298907 0.133803 0.298907 0.123984 0.290885 0.122942 0.285977 0.131471 0.287005 0.135090 0.277709 0.135351 0.278737 0.130703 0.279519 0.120364 0.261199 0.107943 0.242317 0.102213 0.245963 0.116797 0.254179 0.123203 0.259635 0.130729 0.268099 0.155208
0 0.367839 0.111588 0.355209 0.116015 0.353321 0.121745 0.354441 0.128451 0.363151 0.134036 0.381927 0.129766 0.383711 0.119713 0.390443 0.113242 0.399023 0.104584 0.411575 0.095312 0.413881 0.084701 0.419285 0.075234 0.425273 0.063659 0.404805 0.059596 0.394949 0.054388 0.371407 0.030430 0.353815 0.024440 0.333177 0.037005 0.331433 0.044348 0.345703 0.052838 0.355561 0.065196 0.352475 0.073685 0.347253 0.069818 0.334519 0.065976 0.329311 0.066354 0.325625 0.075234 0.327565 0.080261 0.333725 0.082786 0.350351 0.081041 0.350535 0.087031 0.346485 0.093594 0.346107 0.099389 0.366575 0.106329 0.342045 0.106537 0.337019 0.101119 0.324479 0.101510 0.322357 0.108829 0.319831 0.117149 0.325781 0.121615 0.337995 0.118307 0.349779 0.114817
0 0.320169 0.078777 0.308777 0.074089 0.299831 0.074987 0.296705 0.081459 0.300065 0.086601 0.315925 0.090403 0.320833 0.083919
0 0.256237 0.198490 0.237409 0.192084 0.223803 0.180066 0.213385 0.180469 0.208985 0.196094 0.214583 0.208074 0.230989 0.216927 0.247397 0.221744 0.260235 0.213697
0 0.443959 0.136850 0.457135 0.149010 0.461015 0.153398 0.479375 0.151328 0.477825 0.142539 0.466185 0.130130 0.451459 0.122891 0.432839 0.119270 0.420691 0.122631 0.414739 0.132982 0.419909 0.143828 0.431289 0.155469 0.441627 0.158828 0.447317 0.146159
0 0.110833 0.322370 0.094285 0.318750 0.089375 0.314102 0.089115 0.332448 0.090665 0.339948 0.107721 0.340717 0.113933 0.332187
0 0.005351 0.328828 0.000000 0.331261 0.000000 0.350234 0.008203 0.348217 0.011041 0.336067
0 0.194583 0.361145 0.183203 0.372266 0.170833 0.375651 0.161237 0.366575 0.166927 0.359076 0.175717 0.354935 0.184505 0.354935 0.190977 0.358815 0.193555 0.357006 0.191745 0.350808 0.194583 0.345899 0.204935 0.343308 0.215235 0.346094 0.216277 0.352343 0.207291 0.357031
0 0.265429 0.369414 0.258959 0.365547 0.247591 0.363736 0.234661 0.369414 0.231041 0.376654 0.233619 0.382084 0.242161 0.389323 0.249909 0.390104 0.256119 0.389062 0.266719 0.380273
0 0.410963 0.325989 0.400117 0.322891 0.390287 0.324441 0.382279 0.334258 0.387955 0.342278 0.398307 0.345638 0.410977 0.341498 0.414583 0.332708
0 0.466041 0.283854 0.455691 0.282044 0.444583 0.285664 0.441993 0.292383 0.447161 0.297292 0.458021 0.298581 0.469909 0.294453 0.469141 0.290572
0 0.571277 0.165651 0.561199 0.177539 0.554727 0.185299 0.568945 0.190468 0.573347 0.196420 0.560937 0.201849 0.544389 0.205977 0.536641 0.213477 0.521381 0.211927 0.518281 0.201068 0.527851 0.194870 0.530691 0.186849 0.540261 0.184779 0.544909 0.177031 0.549557 0.165651 0.556289 0.155834 0.566367 0.157382
0 0.401225 0.235274 0.389609 0.231029 0.384467 0.226120 0.387605 0.215391 0.399219 0.213151 0.407709 0.219636 0.415535 0.220977 0.428515 0.229297 0.424219 0.238803 0.415105 0.241536 0.404805 0.238633
0 0.351433 0.350651 0.350117 0.354506 0.357617 0.360443 0.363295 0.373112 0.355807 0.381901 0.346237 0.385260 0.337449 0.380612 0.330729 0.368984 0.335639 0.360195 0.333047 0.348815 0.340807 0.345456 0.348567 0.346485
0 0.320131 0.359154 0.311849 0.355013 0.300221 0.360195 0.298411 0.366915 0.303581 0.371823 0.312369 0.372343 0.318061 0.370795 0.320131 0.365104
0 0.169923 0.403099 0.163463 0.399999 0.155455 0.407760 0.157513 0.413958 0.164245 0.416549 0.170963 0.413190 0.171225 0.409049
0 0.192929 0.442135 0.188541 0.436198 0.177683 0.434127 0.170443 0.440066 0.169675 0.448346 0.175873 0.457396 0.184141 0.463854 0.194739 0.461276 0.196811 0.448086
0 0.241015 0.396901 0.235339 0.402838 0.224479 0.403620 0.216719 0.405951 0.213619 0.419388 0.213359 0.426366 0.215169 0.434127 0.225247 0.435677 0.230677 0.432838 0.237135 0.425338 0.241015 0.416290 0.249037 0.408021 0.252397 0.402591 0.247487 0.397930
0 0.331251 0.454427 0.312031 0.455091 0.305443 0.448217 0.289297 0.445821 0.277331 0.449714 0.272239 0.462565 0.274337 0.473034 0.279427 0.478424 0.298269 0.480521 0.310235 0.472735 0.318307 0.470950 0.330273 0.469753 0.335951 0.461966
0 0.314713 0.398555 0.318007 0.391081 0.318007 0.385404 0.307839 0.381810 0.298567 0.388685 0.293777 0.402747 0.289597 0.409323 0.283607 0.417109 0.282409 0.423086 0.288997 0.431758 0.308737 0.423086 0.316211 0.415013 0.317109 0.406042
0 0.119713 0.527799 0.129063 0.522956 0.134597 0.515690 0.125937 0.506693 0.104479 0.511184 0.086145 0.514988 0.090299 0.530221 0.096875 0.544415 0.108633 0.556524 0.126289 0.559635 0.148087 0.559298 0.144975 0.547175 0.129401 0.539909 0.123867 0.536446
0 0.223515 0.468581 0.220417 0.460312 0.212917 0.452305 0.204909 0.462122 0.205677 0.467031 0.203607 0.470651 0.189909 0.469622 0.186029 0.475820 0.191459 0.487722 0.206199 0.483581 0.211889 0.482552 0.221185 0.485391 0.227917 0.482031 0.241615 0.478411 0.238541 0.470182 0.231537 0.469622
0 0.424349 0.424349 0.417161 0.423151 0.410287 0.426472 0.410287 0.433620 0.418061 0.435742 0.424049 0.432123
0 0.113685 0.279961 0.105377 0.278581 0.094661 0.280664 0.098113 0.286198 0.107109 0.291041 0.117449 0.288933
0 0.279271 0.283827 0.268451 0.287305 0.264205 0.296953 0.250691 0.296380 0.254935 0.284402 0.261303 0.274752 0.267291 0.270117 0.275013 0.276107
0 0.170573 0.106119 0.164011 0.093984 0.141863 0.096054 0.138399 0.111980 0.144635 0.123046 0.157787 0.122357 0.169545 0.113360
0 0.307331 0.486719 0.330039 0.486263 0.348567 0.486719 0.357369 0.497382 0.358295 0.509882 0.360613 0.525183 0.344857 0.548802 0.353203 0.573360 0.353203 0.584948 0.335131 0.579844 0.317527 0.565951 0.314739 0.546028 0.299923 0.539076 0.277213 0.534909 0.255899 0.529805 0.263321 0.515442 0.284167 0.509426 0.293437 0.500625
0 0.522187 0.060325 0.510821 0.054935 0.496757 0.055533 0.490481 0.061224 0.494363 0.070195 0.500651 0.075573 0.516797 0.079466 0.525469 0.071992
0 0.326029 0.594713 0.342449 0.602318 0.345247 0.609127 0.341641 0.621536 0.319661 0.615495 0.314011 0.599922
0 0.204975 0.557071 0.195769 0.566289 0.182955 0.580300 0.157331 0.587109 0.138907 0.573490 0.164141 0.565078 0.158933 0.555468 0.165339 0.543060 0.174949 0.533450 0.184557 0.517825 0.203373 0.506224 0.219791 0.504219 0.234609 0.505417 0.234205 0.523841 0.214193 0.544661
0 0.248515 0.435416 0.240247 0.434388 0.228347 0.438777 0.224219 0.444727 0.228347 0.451446 0.236627 0.456355 0.247747 0.455585 0.253685 0.449375 0.253945 0.442396
0 0.043959 0.806054 0.029609 0.790274 0.013815 0.792422 0.010235 0.806054 0.023151 0.816107 0.031757 0.822565 0.006641 0.824714 0.001627 0.831172 0.027461 0.844804 0.069791 0.829024 0.054011 0.813229
0 0.265001 0.808217 0.233425 0.802475 0.218347 0.811081 0.223373 0.825430 0.262123 0.834766 0.303035 0.828308 0.328151 0.814674 0.305183 0.804623
0 0.177461 0.763737 0.151979 0.765130 0.142253 0.761888 0.142253 0.769753 0.164961 0.779948 0.179779 0.778099
0 0.041719 0.686367 0.030209 0.670703 0.016237 0.664584 0.012995 0.676172 0.029037 0.694532
0 0.067449 0.701640 0.062265 0.696445 0.056719 0.700938 0.051185 0.703711 0.038725 0.703711 0.030417 0.701640 0.024883 0.702670 0.027305 0.710638 0.033541 0.718242 0.052565 0.718946 0.060873 0.717214 0.067449 0.710638
0 0.139779 0.614428 0.130443 0.606458 0.116601 0.604036 0.108985 0.609922 0.116251 0.620651 0.127735 0.624088 0.136719 0.620312
0 0.173035 0.723463 0.169923 0.710794 0.161133 0.709245 0.156485 0.713126 0.157773 0.722943 0.165795 0.727343
0 0.190091 0.622643 0.178971 0.621081 0.176653 0.623672 0.175613 0.631172 0.186471 0.634010 0.190613 0.628581
0 0.066303 0.457969 0.047161 0.475612 0.040873 0.478307 0.054935 0.487578 0.052839 0.492656 0.042369 0.496549 0.028321 0.491757 0.029817 0.481927 0.019935 0.472018 0.024127 0.459167 0.033399 0.445104 0.051641 0.438516 0.061823 0.440312 0.067201 0.452877
