0 0.740092 0.891277 0.729402 0.887110 0.717382 0.889948 0.717226 0.895456 0.725234 0.900299 0.737760 0.899610 0.740624 0.896094
0 0.778854 0.936628 0.760170 0.927631 0.747356 0.935599 0.754284 0.943555 0.765352 0.947357 0.776080 0.943203
0 0.736342 0.822370 0.723164 0.817447 0.713776 0.824154 0.713554 0.836003 0.727408 0.842474 0.738802 0.834635
0 0.614192 0.833072 0.588438 0.825273 0.584856 0.813204 0.574140 0.816784 0.575248 0.838450 0.584636 0.846719 0.606120 0.844921
0 0.683620 0.790859 0.674674 0.786394 0.662396 0.792435 0.663060 0.798686 0.677356 0.800247 0.683164 0.797123
0 0.636250 0.777240 0.616588 0.772318 0.609636 0.781511 0.608854 0.789973 0.610678 0.797396 0.603632 0.805391 0.603398 0.809856 0.623958 0.807422 0.617252 0.796003 0.627344 0.794010 0.630860 0.787500
0 0.683646 0.741393 0.673554 0.738802 0.661928 0.739584 0.661666 0.746562 0.666316 0.751210 0.676914 0.751732 0.685196 0.749921 0.684674 0.746302
0 0.547396 0.746823 0.538868 0.754830 0.531628 0.760521 0.528268 0.764923 0.537318 0.768021 0.549986 0.765430 0.555924 0.758190 0.558516 0.751210 0.553086 0.746823
0 0.536796 0.696926 0.522578 0.692526 0.506770 0.690234 0.504480 0.695639 0.513528 0.703906 0.526980 0.708047 0.534218 0.701328
0 0.421562 0.687605 0.424258 0.672044 0.425156 0.660078 0.420964 0.642735 0.410494 0.644830 0.408112 0.656497 0.409310 0.666068 0.405716 0.674740 0.412890 0.684310
0 0.428854 0.789218 0.407148 0.786107 0.406524 0.801614 0.430092 0.809674
0 0.460782 0.866589 0.454804 0.881850 0.452708 0.890520 0.438346 0.890821 0.439844 0.872878 0.430872 0.863294 0.435052 0.856719 0.450000 0.854297
0 0.618072 0.949272 0.602566 0.941770 0.588606 0.936861 0.582916 0.944870 0.588868 0.954440 0.589388 0.963489 0.591446 0.972787 0.608516 0.971237 0.615494 0.960130
0 0.523750 0.865260 0.517408 0.862760 0.505560 0.862930 0.499050 0.865924 0.503060 0.873268 0.516068 0.877448 0.525092 0.870599
0 0.300456 0.675703 0.317278 0.680508 0.323684 0.689713 0.318476 0.698529 0.304466 0.697331 0.295260 0.691315 0.287240 0.682109 0.289244 0.677709
0 0.220508 0.500130 0.210808 0.503776 0.206028 0.511914 0.209376 0.520834 0.221862 0.523111 0.225912 0.514714 0.226042 0.506380
0 0.475040 0.576276 0.491718 0.570716 0.500990 0.570716 0.508868 0.585078 0.515352 0.595273 0.529714 0.599895 0.543606 0.592031 0.532486 0.578125 0.524610 0.566550 0.526928 0.554037 0.526472 0.518828 0.504688 0.504922 0.505156 0.486393 0.514428 0.471107 0.508816 0.455859 0.487592 0.455443 0.487592 0.466654 0.478372 0.457057 0.491210 0.443815 0.494402 0.424636 0.483606 0.419401 0.471562 0.429401 0.465170 0.431394 0.450768 0.416199 0.441536 0.425794 0.432318 0.433020 0.418698 0.434636 0.420326 0.447422 0.432734 0.455859 0.432278 0.472162 0.446784 0.482917 0.462304 0.482357 0.452110 0.452890 0.452656 0.441081 0.463920 0.437331 0.469804 0.445899 0.462852 0.460403 0.469296 0.475924 0.474114 0.483424 0.482122 0.496863 0.492878 0.515065 0.503072 0.532214 0.498764 0.544531 0.490196 0.553112 0.473046 0.561172 0.465768 0.569179
0 0.377122 0.532032 0.395664 0.546993 0.433346 0.540403 0.432760 0.530834 0.357382 0.495234 0.330456 0.502721 0.329558 0.520065 0.335846 0.528737 0.358868 0.511992 0.356184 0.536224 0.360964 0.552070 0.371432 0.546094
0 0.555924 0.496407 0.560716 0.508398 0.557722 0.515274 0.559818 0.534428 0.590026 0.541276 0.581354 0.523658 0.602592 0.507501 0.602292 0.496407 0.572682 0.498529 0.572982 0.492851 0.559818 0.492514
0 0.630704 0.553867 0.630704 0.561342 0.646862 0.571511 0.643268 0.580182 0.636394 0.582578 0.622930 0.570313 0.610066 0.566132 0.611862 0.549075 0.623828 0.545494
0 0.655078 0.601706 0.636264 0.598907 0.627448 0.605703 0.635456 0.620117 0.646276 0.631732 0.659882 0.628932 0.664688 0.615715
0 0.675104 0.602904 0.691524 0.599297 0.709934 0.579675 0.713946 0.562864 0.715546 0.548450 0.738372 0.551251 0.757188 0.548047 0.768398 0.558855 0.777214 0.569675 0.791224 0.584480 0.808450 0.586888 0.818464 0.578880 0.812852 0.569675 0.824466 0.563659 0.829270 0.544037 0.836080 0.538437 0.861706 0.524428 0.868516 0.513203 0.851692 0.506002 0.836472 0.516406 0.818060 0.522019 0.799232 0.535638 0.800442 0.549245 0.787226 0.546041 0.784024 0.534428 0.774414 0.515208 0.759596 0.494791 0.751184 0.484376 0.714740 0.483581 0.712748 0.496393 0.728360 0.510001 0.733972 0.519609 0.706342 0.526029 0.689518 0.525626 0.685912 0.539232 0.695924 0.550053 0.685508 0.564466 0.671094 0.586888 0.665898 0.595300
0 0.663294 0.373541 0.658490 0.367135 0.651276 0.365534 0.647670 0.373541 0.650078 0.383151 0.661290 0.381953
0 0.512734 0.390755 0.509922 0.397968 0.512734 0.405977 0.527540 0.409180 0.538360 0.395964 0.545964 0.389557 0.580808 0.374336 0.594818 0.365130 0.601224 0.346315 0.586458 0.341536 0.596874 0.323828 0.577604 0.315105 0.553972 0.332291 0.543958 0.349519 0.548372 0.360325 0.533554 0.361120 0.517540 0.377540
0 0.399010 0.393555 0.413020 0.402773 0.416224 0.410781 0.405808 0.427592 0.388594 0.429596 0.346550 0.426797 0.342148 0.437201 0.302904 0.442812 0.300390 0.426302 0.316316 0.425989 0.348946 0.412787 0.370572 0.415989 0.393802 0.417592 0.384596 0.398360 0.387800 0.389961
0 0.270248 0.417018 0.267252 0.421536 0.246914 0.422708 0.243620 0.429310 0.246914 0.434973 0.262174 0.437096 0.278620 0.436459 0.284896 0.432878 0.298360 0.428112 0.298360 0.420013 0.287890 0.410743 0.273242 0.413438
0 0.361980 0.357969 0.353256 0.358633 0.350118 0.362435 0.355040 0.371145 0.373138 0.376510 0.394584 0.367799 0.389466 0.358412 0.385652 0.344778 0.380078 0.336067 0.379610 0.332488 0.385196 0.327891 0.389584 0.320652 0.379232 0.312383 0.365286 0.311354 0.364752 0.331510 0.359348 0.326080 0.358046 0.317565 0.350808 0.306197 0.343816 0.296615 0.331692 0.296094 0.318476 0.301015 0.320286 0.312383 0.320834 0.320404 0.332200 0.328945 0.337878 0.328671 0.339960 0.332045 0.326264 0.335130 0.317722 0.344180 0.304544 0.342369 0.299622 0.328671 0.284114 0.333073 0.279714 0.343412 0.263698 0.349869 0.249726 0.358658 0.236016 0.372370 0.223372 0.384779 0.224908 0.396927 0.229036 0.399766 0.242226 0.390716 0.255404 0.379609 0.266264 0.366679 0.269128 0.358412 0.280742 0.355821 0.297812 0.355299 0.301680 0.368216 0.319024 0.366940 0.334766 0.355299 0.341770 0.351680 0.351576 0.352201
0 0.257800 0.332760 0.256602 0.321093 0.245534 0.312422 0.226992 0.313620 0.232942 0.329426 0.221914 0.326184 0.205456 0.314518 0.190794 0.300156 0.162110 0.303125 0.162982 0.291185 0.142942 0.286094 0.141744 0.280417 0.123502 0.280417 0.107044 0.283412 0.112734 0.295663 0.129180 0.308229 0.142344 0.308829 0.131576 0.314219 0.114830 0.304948 0.095678 0.292981 0.071758 0.280716 0.053802 0.279219 0.043932 0.279219 0.054688 0.291797 0.072942 0.298659 0.084908 0.307031 0.095976 0.316015 0.109440 0.324388 0.120208 0.321992 0.123204 0.330365 0.128580 0.341432 0.144140 0.333985 0.157032 0.319922 0.174348 0.321693 0.166276 0.336354 0.171054 0.342630 0.180924 0.335456 0.192592 0.339337 0.189010 0.349505 0.218320 0.346224 0.226094 0.342331 0.240494 0.354296 0.255730 0.346875
0 0.493230 0.369154 0.464154 0.350117 0.455846 0.343203 0.462422 0.340781 0.443046 0.319323 0.438204 0.309974 0.449622 0.300977 0.467618 0.300638 0.462774 0.281601 0.483542 0.259453 0.499804 0.264296 0.506028 0.271211 0.500156 0.283672 0.490456 0.291641 0.486068 0.306549 0.480182 0.314857 0.461498 0.312787 0.480534 0.325234 0.495756 0.348425 0.507864 0.361237
0 0.528816 0.296276 0.521576 0.289297 0.507878 0.290065 0.495976 0.295235 0.498568 0.303776 0.509428 0.310756 0.525964 0.307395
0 0.536562 0.231133 0.530104 0.239922 0.523386 0.252070 0.526484 0.261888 0.538372 0.270937 0.555950 0.269648 0.564492 0.255950 0.560612 0.244831 0.549752 0.233971
0 0.380144 0.303424 0.392162 0.308229 0.407370 0.299024 0.403776 0.284597 0.386550 0.264987 0.366132 0.254570 0.356524 0.256171 0.357318 0.248567 0.373736 0.248164 0.381744 0.237357 0.384948 0.224140 0.396966 0.214531 0.410572 0.211719 0.415378 0.202513 0.402566 0.193711 0.396562 0.184088 0.365326 0.192110 0.352514 0.205313 0.353320 0.223737 0.357318 0.234545 0.353710 0.239753 0.344908 0.238958 0.340104 0.243359 0.334896 0.236954 0.306472 0.211329 0.300860 0.206119 0.308072 0.195313 0.322878 0.190899 0.350234 0.167878 0.359960 0.146536 0.373372 0.127552 0.391002 0.112253 0.401210 0.101120 0.393802 0.087708 0.394244 0.063607 0.403972 0.051107 0.416028 0.030729 0.408620 0.016354 0.402994 0.001432 0.339714 0.000781 0.342344 0.028841 0.345144 0.052032 0.338658 0.077057 0.337266 0.105768 0.334492 0.120586 0.318282 0.121549 0.312226 0.092356 0.308984 0.066406 0.320560 0.023320 0.320052 0.000000 0.253386 0.000000 0.253412 0.025169 0.261264 0.041823 0.259896 0.066849 0.248764 0.086784 0.271472 0.112253 0.276120 0.121992 0.271954 0.134518 0.263138 0.145612 0.264062 0.167878 0.285364 0.181771 0.291848 0.197995 0.282122 0.203555 0.248282 0.164636 0.239036 0.160912 0.219570 0.168802 0.229778 0.186380 0.238554 0.194739 0.216810 0.196588 0.206158 0.190104 0.205196 0.170157 0.214492 0.159063 0.222330 0.142851 0.200118 0.121068 0.213086 0.118750 0.221902 0.098359 0.211250 0.080299 0.183894 0.056680 0.183450 0.038138 0.184374 0.013594 0.152304 0.000091 0.041902 0.000613 0.046184 0.018842 0.056876 0.023685 0.068684 0.040820 0.055834 0.036536 0.037058 0.023685 0.036536 0.007578 0.024206 0.000091 0.010274 0.000613 0.008098 0.008100 0.003816 0.007578 0.000000 0.018008 0.000000 0.019297 0.002382 0.022839 0.014232 0.025326 0.025208 0.025521 0.032330 0.036055 0.031888 0.039817 0.014466 0.036250 0.001940 0.037383 0.000000 0.044335 0.000000 0.046120 0.003294 0.053672 0.014466 0.055911 0.046628 0.059727 0.053998 0.062161 0.059154 0.085507 0.058880 0.107656 0.053190 0.120222 0.040626 0.105248 0.011628 0.100481 0.000260 0.101641 0.000000 0.120118 0.000000 0.124713 0.048386 0.125873 0.044218 0.135442 0.064244 0.142929 0.068724 0.157305 0.067252 0.182735 0.068450 0.215612 0.000534 0.240755 0.002942 0.253607 0.019076 0.262305 0.082500 0.239558 0.113294 0.223099 0.124076 0.223411 0.122864 0.231184 0.137240 0.233593 0.146810 0.221901 0.168998 0.223138 0.210326 0.232422 0.222734 0.222096 0.238516 0.213568 0.241120 0.215131 0.227422 0.225703 0.220416 0.232942 0.227422 0.238398 0.240598 0.232709 0.251446 0.225182 0.260742 0.216927 0.268502 0.212800 0.278594 0.216927 0.283242 0.229062 0.311954 0.246406 0.325886 0.256211 0.317878 0.268098 0.323320 0.277917 0.337266 0.273789 0.354844 0.273906
0 0.206796 0.262774 0.193190 0.253567 0.179570 0.255976 0.180338 0.273177 0.199986 0.275990
0 0.825170 0.778788 0.828412 0.760247 0.820534 0.748203 0.822852 0.719948 0.832110 0.710221 0.834896 0.691224 0.847408 0.695391 0.867330 0.710677 0.876588 0.731068 0.871498 0.759323 0.849258 0.775078
0 0.778828 0.692605 0.759830 0.692149 0.755664 0.707435 0.770026 0.719948 0.788568 0.706510
0 0.696368 0.660182 0.684322 0.649518 0.666706 0.659257 0.666250 0.674999 0.682422 0.682942 0.693126 0.674999
0 0.785782 0.615703 0.793190 0.611992 0.787630 0.598099 0.759830 0.595313 0.745014 0.606432 0.753816 0.618020 0.767252 0.625430 0.780690 0.644427 0.789492 0.650912 0.804310 0.652760 0.812656 0.661106 0.837670 0.665273 0.854348 0.649062 0.849714 0.630521 0.820066 0.632383 0.802460 0.633308
0 0.898124 0.681420 0.909908 0.651028 0.906184 0.620013 0.909296 0.592096 0.923554 0.582800 0.939688 0.571628 0.952084 0.557981 0.981862 0.564805 0.996120 0.581549 0.980000 0.608841 0.954570 0.615664 0.943412 0.630560 0.958294 0.639856 0.939688 0.659701 0.940924 0.670873 0.924804 0.689479 0.911770 0.686380
0 0.830468 0.000000 0.835482 0.012735 0.815014 0.022656 0.792070 0.026380 0.793308 0.036301 0.821210 0.044986 0.852852 0.041875 0.856576 0.046848 0.863398 0.060482 0.869596 0.071029 0.888828 0.082812 0.909908 0.067305 0.909296 0.048697 0.885730 0.039401 0.891796 0.035807 0.912110 0.031250 0.903126 0.000912 0.870834 0.000261 0.870834 0.006524 0.876420 0.020169 0.886068 0.029817 0.870834 0.023269 0.865260 0.009622 0.857812 0.000912
0 0.946640 0.058060 0.934310 0.050560 0.918764 0.056445 0.921446 0.067708 0.912330 0.075742 0.916080 0.083255 0.930026 0.082721 0.946106 0.068243
0 0.864622 0.083789 0.847474 0.083789 0.843710 0.075208 0.828164 0.075208 0.827096 0.090221 0.831928 0.107383 0.852826 0.111666 0.870520 0.103085 0.873736 0.090755
0 0.988984 0.078425 0.998698 0.078734 0.998698 0.098499 0.983632 0.096120
0 0.954454 0.092188 0.972448 0.083529 0.980066 0.074193 0.976954 0.062774 0.982838 0.048229 0.979024 0.025742 0.962760 0.021588 0.951692 0.032317 0.955846 0.044779 0.956876 0.063463 0.955144 0.076262 0.948230 0.084570
0 0.923710 0.125235 0.924636 0.118750 0.927878 0.106706 0.921394 0.095130 0.909348 0.088177 0.888958 0.085859 0.890820 0.095585 0.900546 0.107175 0.908424 0.113191 0.907032 0.126172 0.915364 0.130338
0 0.978842 0.100221 0.961236 0.094192 0.941784 0.100221 0.938072 0.109493 0.942708 0.119675 0.959844 0.124310 0.974206 0.117370 0.980704 0.110417
0 0.998698 0.156456 0.993816 0.155781 0.985768 0.140768 0.961654 0.141315 0.958972 0.160064 0.965938 0.169180 0.968620 0.180443 0.976654 0.190625 0.992748 0.181510 0.998698 0.181101
0 0.985390 0.614362 0.970508 0.614362 0.964922 0.620573 0.968646 0.636081 0.969896 0.646003 0.981054 0.646003 0.988502 0.639179 0.988502 0.628007
0 0.998698 0.690173 0.993568 0.691640 0.996368 0.704049 0.998698 0.703709
0 0.910312 0.746849 0.893764 0.743229 0.888854 0.738581 0.888594 0.756927 0.890144 0.764427 0.907200 0.765196 0.913412 0.756666
0 0.804830 0.753307 0.793490 0.758464 0.789844 0.767787 0.791902 0.776576 0.807682 0.772696 0.810520 0.760547
0 0.998698 0.784124 0.994062 0.785625 0.982682 0.796745 0.970312 0.800130 0.960716 0.791055 0.966406 0.783555 0.975196 0.779414 0.983984 0.779414 0.990456 0.783294 0.993034 0.781485 0.991224 0.775287 0.994062 0.770378 0.998698 0.769218
0 0.969402 0.827578 0.962942 0.824479 0.954934 0.832239 0.956992 0.838437 0.963724 0.841028 0.970442 0.837669 0.970704 0.833528
0 0.992408 0.866615 0.988020 0.860677 0.977162 0.858606 0.969922 0.864545 0.969154 0.872825 0.975352 0.881875 0.983620 0.888334 0.994218 0.885755 0.996290 0.872565
0 0.919192 0.952279 0.928542 0.947435 0.934076 0.940169 0.925416 0.931172 0.903958 0.935663 0.885624 0.939467 0.889778 0.954700 0.896354 0.968894 0.908112 0.981003 0.925768 0.984114 0.947566 0.983777 0.944454 0.971654 0.928880 0.964388 0.923346 0.960925
0 0.998698 0.894800 0.989388 0.894101 0.985508 0.900299 0.990938 0.912201 0.998698 0.910021
0 0.913164 0.704441 0.904856 0.703060 0.894140 0.705143 0.897592 0.710677 0.906588 0.715520 0.916928 0.713412
0 0.970052 0.530599 0.963490 0.518463 0.941342 0.520533 0.937878 0.536459 0.944114 0.547526 0.957266 0.546836 0.969024 0.537839
0 0.694454 0.073542 0.683086 0.067564 0.672318 0.072057 0.669622 0.081029 0.679792 0.092695 0.693854 0.085507
0 0.796446 0.094779 0.788072 0.085808 0.777604 0.090299 0.772514 0.100768 0.773412 0.113632 0.791368 0.115716 0.800938 0.104362
0 0.998698 0.987314 0.995248 0.990768 0.987996 0.998698 0.939372 0.998698 0.938386 0.997969 0.963620 0.989557 0.958412 0.979948 0.964818 0.967539 0.974428 0.957929 0.984036 0.942304 0.998698 0.933265
0 0.471342 0.930195 0.453906 0.936458 0.446484 0.947527 0.441562 0.961823 0.441562 0.977331 0.459558 0.972369 0.470052 0.956901 0.477604 0.941927
0 0.372644 0.592813 0.361068 0.588177 0.357826 0.599297 0.358750 0.604401 0.368946 0.609492 0.378204 0.601615
0 0.965390 0.193490 0.953632 0.195911 0.933554 0.197292 0.933894 0.209753 0.950860 0.212527 0.974050 0.209753 0.983736 0.200755 0.976472 0.194518
0 0.700462 0.998698 0.681381 0.998698 0.682032 0.991277 0.689596 0.985274 0.698008 0.991680
0 0.651550 0.982096 0.673790 0.968451 0.684896 0.949740 0.665104 0.946876 0.647240 0.973476
0 0.613450 0.933021 0.643958 0.933920 0.664296 0.930924 0.663698 0.916575 0.645756 0.906107 0.630794 0.905808 0.632890 0.912982 0.639166 0.918971 0.612552 0.918672 0.607460 0.926745
0 0.573958 0.906641 0.595508 0.894740 0.601784 0.892044 0.586822 0.881875 0.573958 0.886718 0.566536 0.893881 0.564688 0.905507
0 0.865782 0.882448 0.846640 0.900091 0.840352 0.902786 0.854414 0.912057 0.852318 0.917135 0.841848 0.921028 0.827800 0.916236 0.829296 0.906406 0.819414 0.896497 0.823606 0.883646 0.832878 0.869583 0.851120 0.862995 0.861302 0.864791 0.866680 0.877357
0 0.788308 0.886627 0.791002 0.893542 0.795794 0.908164 0.785326 0.914179 0.772786 0.912890 0.767708 0.906380 0.751224 0.903711 0.747032 0.897995 0.756902 0.891419 0.768230 0.888151 0.781120 0.884245
0 0.705782 0.874153 0.685430 0.870652 0.672240 0.876822 0.649714 0.871992 0.642864 0.877501 0.642864 0.885170 0.658060 0.890013 0.675248 0.887344 0.687760 0.890013 0.702956 0.887174 0.707786 0.877995
