0 0.997864 0.000000 0.959724 0.000000 0.957122 0.008555 0.962486 0.019285 0.982852 0.030534 0.997864 0.025716
0 0.323424 0.034206 0.335834 0.028619 0.349480 0.013738 0.345756 0.008151 0.336458 0.003815 0.324050 0.014362 0.319088 0.023047
0 0.026406 0.257552 0.000000 0.265315 0.000000 0.279041 0.015586 0.276771 0.030404 0.272774 0.028802 0.265560
0 0.123386 0.172019 0.130598 0.160808 0.140208 0.153998 0.149818 0.147187 0.151810 0.141992 0.146614 0.135182 0.127786 0.125964 0.119778 0.129974 0.113776 0.138385 0.107370 0.148398 0.105768 0.156003 0.107370 0.164010 0.115378 0.168412
0 0.083386 0.154479 0.086484 0.145442 0.090624 0.138203 0.098386 0.133803 0.098386 0.123984 0.090364 0.122942 0.085456 0.131471 0.086484 0.135090 0.077188 0.135351 0.078216 0.130703 0.078998 0.120364 0.060678 0.107943 0.041796 0.102213 0.045442 0.116797 0.053658 0.123203 0.059114 0.130729 0.067578 0.155208
0 0.167318 0.111588 0.154688 0.116015 0.152800 0.121745 0.153920 0.128451 0.162630 0.134036 0.181406 0.129766 0.183190 0.119713 0.189922 0.113242 0.198502 0.104584 0.211054 0.095312 0.213360 0.084701 0.218764 0.075234 0.224752 0.063659 0.204284 0.059596 0.194428 0.054388 0.170886 0.030430 0.153294 0.024440 0.132656 0.037005 0.130912 0.044348 0.145182 0.052838 0.155040 0.065196 0.151954 0.073685 0.146732 0.069818 0.133998 0.065976 0.128790 0.066354 0.125104 0.075234 0.127044 0.080261 0.133204 0.082786 0.149830 0.081041 0.150014 0.087031 0.145964 0.093594 0.145586 0.099389 0.166054 0.106329 0.141524 0.106537 0.136498 0.101119 0.123958 0.101510 0.121836 0.108829 0.119310 0.117149 0.125260 0.121615 0.137474 0.118307 0.149258 0.114817
0 0.119648 0.078777 0.108256 0.074089 0.099310 0.074987 0.096184 0.081459 0.099544 0.086601 0.115404 0.090403 0.120312 0.083919
0 0.055716 0.198490 0.036888 0.192084 0.023282 0.180066 0.012864 0.180469 0.008464 0.196094 0.014062 0.208074 0.030468 0.216927 0.046876 0.221744 0.059714 0.213697
0 0.243438 0.136850 0.256614 0.149010 0.260494 0.153398 0.278854 0.151328 0.277304 0.142539 0.265664 0.130130 0.250938 0.122891 0.232318 0.119270 0.220170 0.122631 0.214218 0.132982 0.219388 0.143828 0.230768 0.155469 0.241106 0.158828 0.246796 0.146159
0 0.000000 0.359223 0.000000 0.344413 0.004414 0.343308 0.014714 0.346094 0.015756 0.352343 0.006770 0.357031
0 0.064908 0.369414 0.058438 0.365547 0.047070 0.363736 0.034140 0.369414 0.030520 0.376654 0.033098 0.382084 0.041640 0.389323 0.049388 0.390104 0.055598 0.389062 0.066198 0.380273
0 0.210442 0.325989 0.199596 0.322891 0.189766 0.324441 0.181758 0.334258 0.187434 0.342278 0.197786 0.345638 0.210456 0.341498 0.214062 0.332708
0 0.265520 0.283854 0.255170 0.282044 0.244062 0.285664 0.241472 0.292383 0.246640 0.297292 0.257500 0.298581 0.269388 0.294453 0.268620 0.290572
0 0.370756 0.165651 0.360678 0.177539 0.354206 0.185299 0.368424 0.190468 0.372826 0.196420 0.360416 0.201849 0.343868 0.205977 0.336120 0.213477 0.320860 0.211927 0.317760 0.201068 0.327330 0.194870 0.330170 0.186849 0.339740 0.184779 0.344388 0.177031 0.349036 0.165651 0.355768 0.155834 0.365846 0.157382
0 0.200704 0.235274 0.189088 0.231029 0.183946 0.226120 0.187084 0.215391 0.198698 0.213151 0.207188 0.219636 0.215014 0.220977 0.227994 0.229297 0.223698 0.238803 0.214584 0.241536 0.204284 0.238633
0 0.150912 0.350651 0.149596 0.354506 0.157096 0.360443 0.162774 0.373112 0.155286 0.381901 0.145716 0.385260 0.136928 0.380612 0.130208 0.368984 0.135118 0.360195 0.132526 0.348815 0.140286 0.345456 0.148046 0.346485
0 0.119610 0.359154 0.111328 0.355013 0.099700 0.360195 0.097890 0.366915 0.103060 0.371823 0.111848 0.372343 0.117540 0.370795 0.119610 0.365104
0 0.040494 0.396901 0.034818 0.402838 0.023958 0.403620 0.016198 0.405951 0.013098 0.419388 0.012838 0.426366 0.014648 0.434127 0.024726 0.435677 0.030156 0.432838 0.036614 0.425338 0.040494 0.416290 0.048516 0.408021 0.051876 0.402591 0.046966 0.397930
0 0.130730 0.454427 0.111510 0.455091 0.104922 0.448217 0.088776 0.445821 0.076810 0.449714 0.071718 0.462565 0.073816 0.473034 0.078906 0.478424 0.097748 0.480521 0.109714 0.472735 0.117786 0.470950 0.129752 0.469753 0.135430 0.461966
0 0.114192 0.398555 0.117486 0.391081 0.117486 0.385404 0.107318 0.381810 0.098046 0.388685 0.093256 0.402747 0.089076 0.409323 0.083086 0.417109 0.081888 0.423086 0.088476 0.431758 0.108216 0.423086 0.115690 0.415013 0.116588 0.406042
0 0.022994 0.468581 0.019896 0.460312 0.012396 0.452305 0.004388 0.462122 0.005156 0.467031 0.003086 0.470651 0.000000 0.470419 0.000000 0.485176 0.005678 0.483581 0.011368 0.482552 0.020664 0.485391 0.027396 0.482031 0.041094 0.478411 0.038020 0.470182 0.031016 0.469622
0 0.223828 0.424349 0.216640 0.423151 0.209766 0.426472 0.209766 0.433620 0.217540 0.435742 0.223528 0.432123
0 0.078750 0.283827 0.067930 0.287305 0.063684 0.296953 0.050170 0.296380 0.054414 0.284402 0.060782 0.274752 0.066770 0.270117 0.074492 0.276107
0 0.106810 0.486719 0.129518 0.486263 0.148046 0.486719 0.156848 0.497382 0.157774 0.509882 0.160092 0.525183 0.144336 0.548802 0.152682 0.573360 0.152682 0.584948 0.134610 0.579844 0.117006 0.565951 0.114218 0.546028 0.099402 0.539076 0.076692 0.534909 0.055378 0.529805 0.062800 0.515442 0.083646 0.509426 0.092916 0.500625
0 0.321666 0.060325 0.310300 0.054935 0.296236 0.055533 0.289960 0.061224 0.293842 0.070195 0.300130 0.075573 0.316276 0.079466 0.324948 0.071992
0 0.125508 0.594713 0.141928 0.602318 0.144726 0.609127 0.141120 0.621536 0.119140 0.615495 0.113490 0.599922
0 0.004454 0.557071 0.000000 0.561531 0.000000 0.507983 0.002852 0.506224 0.019270 0.504219 0.034088 0.505417 0.033684 0.523841 0.013672 0.544661
0 0.047994 0.435416 0.039726 0.434388 0.027826 0.438777 0.023698 0.444727 0.027826 0.451446 0.036106 0.456355 0.047226 0.455585 0.053164 0.449375 0.053424 0.442396
0 0.064480 0.808217 0.032904 0.802475 0.017826 0.811081 0.022852 0.825430 0.061602 0.834766 0.102514 0.828308 0.127630 0.814674 0.104662 0.804623
