0 0.740092 0.466798 0.729402 0.462631 0.717382 0.465468 0.717226 0.470977 0.725234 0.475820 0.737760 0.475131 0.740624 0.471615
0 0.778854 0.512149 0.760170 0.503152 0.747356 0.511120 0.754284 0.519076 0.765352 0.522878 0.776080 0.518724
0 0.736342 0.397891 0.723164 0.392968 0.713776 0.399675 0.713554 0.411523 0.727408 0.417995 0.738802 0.410156
0 0.614192 0.408593 0.588438 0.400794 0.584856 0.388725 0.574140 0.392304 0.575248 0.413971 0.584636 0.422240 0.606120 0.420442
0 0.683620 0.366380 0.674674 0.361915 0.662396 0.367956 0.663060 0.374206 0.677356 0.375768 0.683164 0.372644
0 0.636250 0.352761 0.616588 0.347839 0.609636 0.357031 0.608854 0.365494 0.610678 0.372917 0.603632 0.380911 0.603398 0.385377 0.623958 0.382943 0.617252 0.371524 0.627344 0.369531 0.630860 0.363021
0 0.683646 0.316914 0.673554 0.314323 0.661928 0.315105 0.661666 0.322083 0.666316 0.326731 0.676914 0.327253 0.685196 0.325442 0.684674 0.321823
0 0.547396 0.322344 0.538868 0.330351 0.531628 0.336042 0.528268 0.340443 0.537318 0.343542 0.549986 0.340950 0.555924 0.333711 0.558516 0.326731 0.553086 0.322344
0 0.536796 0.272447 0.522578 0.268047 0.506770 0.265755 0.504480 0.271160 0.513528 0.279427 0.526980 0.283568 0.534218 0.276849
0 0.421562 0.263126 0.424258 0.247564 0.425156 0.235599 0.420964 0.218256 0.410494 0.220351 0.408112 0.232018 0.409310 0.241589 0.405716 0.250261 0.412890 0.259831
0 0.428854 0.364739 0.407148 0.361628 0.406524 0.377135 0.430092 0.385195
0 0.460782 0.442110 0.454804 0.457370 0.452708 0.466041 0.438346 0.466342 0.439844 0.448399 0.430872 0.438815 0.435052 0.432240 0.450000 0.429818
0 0.618072 0.524792 0.602566 0.517291 0.588606 0.512382 0.582916 0.520391 0.588868 0.529960 0.589388 0.539010 0.591446 0.548308 0.608516 0.546758 0.615494 0.535651
0 0.523750 0.440781 0.517408 0.438281 0.505560 0.438450 0.499050 0.441445 0.503060 0.448789 0.516068 0.452969 0.525092 0.446120
0 0.300456 0.251224 0.317278 0.256029 0.323684 0.265234 0.318476 0.274050 0.304466 0.272852 0.295260 0.266836 0.287240 0.257630 0.289244 0.253230
0 0.220508 0.075651 0.210808 0.079296 0.206028 0.087434 0.209376 0.096355 0.221862 0.098632 0.225912 0.090235 0.226042 0.081900
0 0.475040 0.151797 0.491718 0.146237 0.500990 0.146237 0.508868 0.160599 0.515352 0.170794 0.529714 0.175416 0.543606 0.167551 0.532486 0.153646 0.524610 0.142070 0.526928 0.129558 0.526472 0.094349 0.504688 0.080443 0.505156 0.061913 0.514428 0.046627 0.508816 0.031380 0.487592 0.030964 0.487592 0.042175 0.478372 0.032578 0.491210 0.019336 0.494402 0.000157 0.494079 0.000000 0.477490 0.000000 0.471562 0.004922 0.465170 0.006914 0.458616 0.000000 0.442801 0.000000 0.441536 0.001315 0.432318 0.008541 0.418698 0.010157 0.420326 0.022943 0.432734 0.031380 0.432278 0.047683 0.446784 0.058438 0.462304 0.057878 0.452110 0.028411 0.452656 0.016602 0.463920 0.012852 0.469804 0.021420 0.462852 0.035924 0.469296 0.051445 0.474114 0.058945 0.482122 0.072383 0.492878 0.090585 0.503072 0.107735 0.498764 0.120052 0.490196 0.128633 0.473046 0.136693 0.465768 0.144700
0 0.377122 0.107552 0.395664 0.122514 0.433346 0.115924 0.432760 0.106354 0.357382 0.070755 0.330456 0.078242 0.329558 0.095585 0.335846 0.104258 0.358868 0.087513 0.356184 0.111745 0.360964 0.127591 0.371432 0.121615
0 0.555924 0.071928 0.560716 0.083919 0.557722 0.090795 0.559818 0.109948 0.590026 0.116797 0.581354 0.099179 0.602592 0.083021 0.602292 0.071928 0.572682 0.074050 0.572982 0.068372 0.559818 0.068035
0 0.630704 0.129388 0.630704 0.136862 0.646862 0.147032 0.643268 0.155703 0.636394 0.158099 0.622930 0.145834 0.610066 0.141653 0.611862 0.124596 0.623828 0.121015
0 0.655078 0.177226 0.636264 0.174427 0.627448 0.181224 0.635456 0.195638 0.646276 0.207253 0.659882 0.204453 0.664688 0.191236
0 0.675104 0.178425 0.691524 0.174818 0.709934 0.155196 0.713946 0.138385 0.715546 0.123971 0.738372 0.126771 0.757188 0.123568 0.768398 0.134375 0.777214 0.145196 0.791224 0.160000 0.808450 0.162409 0.818464 0.154401 0.812852 0.145196 0.824466 0.139180 0.829270 0.119558 0.836080 0.113958 0.861706 0.099949 0.868516 0.088724 0.851692 0.081523 0.836472 0.091927 0.818060 0.097540 0.799232 0.111159 0.800442 0.124766 0.787226 0.121562 0.784024 0.109948 0.774414 0.090729 0.759596 0.070312 0.751184 0.059896 0.714740 0.059102 0.712748 0.071913 0.728360 0.085521 0.733972 0.095130 0.706342 0.101550 0.689518 0.101147 0.685912 0.114753 0.695924 0.125573 0.685508 0.139986 0.671094 0.162409 0.665898 0.170821
0 0.407737 0.000000 0.405808 0.003112 0.388594 0.005117 0.346550 0.002318 0.342148 0.012722 0.302904 0.018333 0.300390 0.001823 0.316316 0.001510 0.320048 0.000000
0 0.246030 0.000000 0.243620 0.004830 0.246914 0.010494 0.262174 0.012617 0.278620 0.011980 0.284896 0.008399 0.298360 0.003632 0.298360 0.000000
0 0.825170 0.354309 0.828412 0.335768 0.820534 0.323724 0.822852 0.295468 0.832110 0.285742 0.834896 0.266745 0.847408 0.270912 0.867330 0.286198 0.876588 0.306589 0.871498 0.334844 0.849258 0.350598
0 0.778828 0.268125 0.759830 0.267670 0.755664 0.282956 0.770026 0.295468 0.788568 0.282031
0 0.696368 0.235703 0.684322 0.225039 0.666706 0.234778 0.666250 0.250520 0.682422 0.258463 0.693126 0.250520
0 0.785782 0.191223 0.793190 0.187513 0.787630 0.173620 0.759830 0.170833 0.745014 0.181953 0.753816 0.193541 0.767252 0.200951 0.780690 0.219948 0.789492 0.226432 0.804310 0.228281 0.812656 0.236627 0.837670 0.240794 0.854348 0.224583 0.849714 0.206042 0.820066 0.207904 0.802460 0.208829
0 0.898124 0.256940 0.909908 0.226549 0.906184 0.195534 0.909296 0.167617 0.923554 0.158321 0.939688 0.147149 0.952084 0.133502 0.981862 0.140325 0.996120 0.157070 0.980000 0.184362 0.954570 0.191185 0.943412 0.206081 0.958294 0.215377 0.939688 0.235221 0.940924 0.246394 0.924804 0.265000 0.911770 0.261900
0 0.985390 0.189883 0.970508 0.189883 0.964922 0.196094 0.968646 0.211602 0.969896 0.221524 0.981054 0.221524 0.988502 0.214700 0.988502 0.203528
0 0.998698 0.265694 0.993568 0.267161 0.996368 0.279570 0.998698 0.279230
0 0.910312 0.322370 0.893764 0.318750 0.888854 0.314102 0.888594 0.332448 0.890144 0.339948 0.907200 0.340717 0.913412 0.332187
0 0.804830 0.328828 0.793490 0.333985 0.789844 0.343308 0.791902 0.352097 0.807682 0.348217 0.810520 0.336067
0 0.998698 0.359645 0.994062 0.361145 0.982682 0.372266 0.970312 0.375651 0.960716 0.366575 0.966406 0.359076 0.975196 0.354935 0.983984 0.354935 0.990456 0.358815 0.993034 0.357006 0.991224 0.350808 0.994062 0.345899 0.998698 0.344739
0 0.969402 0.403099 0.962942 0.399999 0.954934 0.407760 0.956992 0.413958 0.963724 0.416549 0.970442 0.413190 0.970704 0.409049
0 0.992408 0.442135 0.988020 0.436198 0.977162 0.434127 0.969922 0.440066 0.969154 0.448346 0.975352 0.457396 0.983620 0.463854 0.994218 0.461276 0.996290 0.448086
0 0.919192 0.527799 0.928542 0.522956 0.934076 0.515690 0.925416 0.506693 0.903958 0.511184 0.885624 0.514988 0.889778 0.530221 0.896354 0.544415 0.908112 0.556524 0.925768 0.559635 0.947566 0.559298 0.944454 0.547175 0.928880 0.539909 0.923346 0.536446
0 0.998698 0.470321 0.989388 0.469622 0.985508 0.475820 0.990938 0.487722 0.998698 0.485542
0 0.913164 0.279961 0.904856 0.278581 0.894140 0.280664 0.897592 0.286198 0.906588 0.291041 0.916928 0.288933
0 0.970052 0.106119 0.963490 0.093984 0.941342 0.096054 0.937878 0.111980 0.944114 0.123046 0.957266 0.122357 0.969024 0.113360
0 0.998698 0.562835 0.995248 0.566289 0.982434 0.580300 0.956810 0.587109 0.938386 0.573490 0.963620 0.565078 0.958412 0.555468 0.964818 0.543060 0.974428 0.533450 0.984036 0.517825 0.998698 0.508785
0 0.471342 0.505716 0.453906 0.511979 0.446484 0.523047 0.441562 0.537343 0.441562 0.552852 0.459558 0.547890 0.470052 0.532422 0.477604 0.517448
0 0.372644 0.168333 0.361068 0.163698 0.357826 0.174818 0.358750 0.179922 0.368946 0.185013 0.378204 0.177135
0 0.843438 0.806054 0.829088 0.790274 0.813294 0.792422 0.809714 0.806054 0.822630 0.816107 0.831236 0.822565 0.806120 0.824714 0.801106 0.831172 0.826940 0.844804 0.869270 0.829024 0.853490 0.813229
0 0.681810 0.727591 0.676718 0.715547 0.665598 0.716472 0.664674 0.730846 0.678112 0.736393
0 0.976940 0.763737 0.951458 0.765130 0.941732 0.761888 0.941732 0.769753 0.964440 0.779948 0.979258 0.778099
0 0.841198 0.686367 0.829688 0.670703 0.815716 0.664584 0.812474 0.676172 0.828516 0.694532
0 0.705898 0.662266 0.698684 0.676276 0.703098 0.686693 0.709896 0.695898 0.695482 0.695898 0.681874 0.675078 0.695886 0.656666
0 0.659374 0.648437 0.642968 0.662239 0.633984 0.650131 0.645834 0.639063
0 0.625624 0.631719 0.616354 0.639192 0.603490 0.639493 0.602592 0.631419 0.606784 0.623346 0.617852 0.626641
0 0.536784 0.598815 0.525118 0.614973 0.510468 0.619154 0.506874 0.601810 0.509270 0.578776 0.526316 0.586250 0.532604 0.591341
0 0.700808 0.575209 0.680730 0.581640 0.682032 0.566797 0.689596 0.560795 0.698008 0.567200
0 0.702838 0.612865 0.699948 0.609193 0.697240 0.606680 0.691446 0.611133 0.690872 0.616341 0.695312 0.621173 0.703424 0.619818
0 0.647266 0.678581 0.639766 0.674440 0.630456 0.671602 0.623736 0.672383 0.622708 0.677800 0.628138 0.685820 0.637448 0.686850 0.645456 0.687370
0 0.741666 0.643229 0.734674 0.646393 0.723282 0.646615 0.717916 0.640808 0.718138 0.634779 0.736458 0.634779 0.743750 0.637890
0 0.866928 0.701640 0.861744 0.696445 0.856198 0.700938 0.850664 0.703711 0.838204 0.703711 0.829896 0.701640 0.824362 0.702670 0.826784 0.710638 0.833020 0.718242 0.852044 0.718946 0.860352 0.717214 0.866928 0.710638
0 0.789062 0.711328 0.777292 0.707865 0.760690 0.709596 0.750990 0.703020 0.744076 0.707513 0.742344 0.710287 0.757566 0.714101 0.762760 0.717214 0.786290 0.716523
0 0.939258 0.614428 0.929922 0.606458 0.916080 0.604036 0.908464 0.609922 0.915730 0.620651 0.927214 0.624088 0.936198 0.620312
0 0.972514 0.723463 0.969402 0.710794 0.960612 0.709245 0.955964 0.713126 0.957252 0.722943 0.965274 0.727343
0 0.989570 0.622643 0.978450 0.621081 0.976132 0.623672 0.975092 0.631172 0.985950 0.634010 0.990092 0.628581
0 0.651550 0.557617 0.673790 0.543971 0.684896 0.525261 0.665104 0.522396 0.647240 0.548997
0 0.613450 0.508542 0.643958 0.509441 0.664296 0.506445 0.663698 0.492096 0.645756 0.481628 0.630794 0.481329 0.632890 0.488502 0.639166 0.494492 0.612552 0.494193 0.607460 0.502266
0 0.573958 0.482162 0.595508 0.470260 0.601784 0.467565 0.586822 0.457396 0.573958 0.462239 0.566536 0.469401 0.564688 0.481028
0 0.865782 0.457969 0.846640 0.475612 0.840352 0.478307 0.854414 0.487578 0.852318 0.492656 0.841848 0.496549 0.827800 0.491757 0.829296 0.481927 0.819414 0.472018 0.823606 0.459167 0.832878 0.445104 0.851120 0.438516 0.861302 0.440312 0.866680 0.452877
0 0.788308 0.462148 0.791002 0.469062 0.795794 0.483685 0.785326 0.489700 0.772786 0.488411 0.767708 0.481901 0.751224 0.479232 0.747032 0.473515 0.756902 0.466940 0.768230 0.463672 0.781120 0.459766
0 0.705782 0.449674 0.685430 0.446172 0.672240 0.452343 0.649714 0.447513 0.642864 0.453021 0.642864 0.460691 0.658060 0.465534 0.675248 0.462864 0.687760 0.465534 0.702956 0.462695 0.707786 0.453516
