0 0.997864 0.406771 0.979102 0.409454 0.960872 0.420703 0.957122 0.433035 0.962486 0.443764 0.982852 0.455013 0.997864 0.450195
0 0.998698 0.364694 0.979102 0.350482 0.969986 0.324753 0.952838 0.298490 0.936210 0.281328 0.912630 0.267930 0.872956 0.265248 0.861706 0.235768 0.852604 0.217058 0.864322 0.213282 0.863854 0.198242 0.884752 0.194493 0.904584 0.200924 0.907800 0.226120 0.926028 0.243268 0.958736 0.249701 0.976420 0.263645 0.991432 0.278112 0.998698 0.285378
0 0.998698 0.166895 0.998698 0.174675 0.969454 0.155352 0.965704 0.143021 0.979102 0.136589 0.991966 0.146237 0.997330 0.152136
0 0.998698 0.136605 0.984036 0.125508 0.980026 0.112695 0.992044 0.108295 0.998698 0.108989
0 0.998698 0.099017 0.979688 0.102343 0.958802 0.102292 0.948790 0.089076 0.929974 0.076654 0.924766 0.060639 0.941184 0.057838 0.958802 0.067852 0.973216 0.072656 0.970416 0.086667 0.973620 0.095078 0.976420 0.079466 0.978828 0.066250 0.990442 0.067852 0.997644 0.079063 0.998698 0.082412
0 0.868516 0.153216 0.863684 0.143021 0.844922 0.144102 0.833672 0.167683 0.840638 0.177331 0.861068 0.175781 0.863684 0.164466
0 0.000000 0.078776 0.006146 0.078972 0.026510 0.074674 0.029726 0.057526 0.036158 0.051093 0.045274 0.059127 0.053320 0.065026 0.046888 0.074674 0.059752 0.083255 0.061354 0.091836 0.042592 0.095053 0.036158 0.089154 0.026510 0.098268 0.003998 0.099336 0.000000 0.098705
0 0.107644 0.000613 0.107188 0.009414 0.115052 0.019141 0.129882 0.022851 0.144244 0.018672 0.149336 0.002462
0 0.281848 0.014974 0.273046 0.020990 0.267486 0.026549 0.269336 0.049258 0.275820 0.053425 0.283242 0.043229 0.292968 0.038606 0.296680 0.055274 0.293438 0.063620 0.277682 0.074740 0.259140 0.074271 0.248490 0.074740 0.258684 0.082148 0.265638 0.087708 0.259610 0.096054 0.245248 0.094192 0.231354 0.085859 0.228098 0.068255 0.244778 0.060834 0.245248 0.023776 0.250808 0.008946 0.281848 0.006172
0 0.150066 0.087786 0.143842 0.097135 0.138294 0.113059 0.133450 0.125521 0.132760 0.133125 0.119258 0.141432 0.102656 0.141093 0.099192 0.146966 0.104374 0.157357 0.139336 0.163580 0.174636 0.164271 0.197826 0.157696 0.191588 0.145938 0.166680 0.141093 0.128606 0.145247 0.130678 0.139700 0.143138 0.138320 0.157682 0.133125 0.162526 0.124480 0.167370 0.113750 0.180170 0.111329 0.191250 0.111329 0.217552 0.106132 0.225860 0.095755 0.213046 0.088828 0.188476 0.098516 0.175326 0.103021 0.175678 0.094023 0.158372 0.084336
0 0.032408 0.158998 0.009362 0.157929 0.000000 0.156636 0.000000 0.181012 0.023828 0.179375
0 0.397474 0.182044 0.371198 0.160064 0.355118 0.149350 0.358880 0.122552 0.339570 0.098959 0.326172 0.109141 0.330468 0.152032 0.344922 0.169661 0.365886 0.192188 0.381928 0.205104 0.391576 0.192773
0 0.460508 0.067032 0.464310 0.080872 0.468464 0.095755 0.487500 0.091940 0.496836 0.073607 0.511028 0.062526 0.519336 0.073255 0.536640 0.073607 0.531796 0.052149 0.526264 0.045911 0.547018 0.033451 0.566054 0.024115 0.577826 0.019961 0.588204 0.031380 0.606550 0.027917 0.608282 0.016146 0.596862 0.001614 0.536094 0.000000 0.531758 0.000000 0.526954 0.016146 0.515872 0.019270 0.504114 0.007500 0.496016 0.000000 0.485546 0.000000 0.483684 0.000235 0.486810 0.014766 0.495456 0.026537 0.504454 0.032423 0.503072 0.040378 0.489922 0.045911 0.475378 0.026185 0.460846 0.027226 0.462930 0.040378 0.466042 0.054909 0.462930 0.060104
0 0.526954 0.166003 0.536992 0.170507 0.549440 0.158398 0.558098 0.150092 0.569518 0.151472 0.564674 0.171198 0.556016 0.189544 0.531796 0.191276 0.521068 0.179154 0.521068 0.174661
0 0.425234 0.075261 0.432434 0.066849 0.436042 0.059636 0.448060 0.050429 0.454466 0.041615 0.453658 0.026002 0.443256 0.016393 0.434844 0.024401 0.430834 0.026002 0.424428 0.008789 0.411210 0.015990 0.412422 0.030807 0.414818 0.050026 0.415626 0.070052
0 0.398398 0.070859 0.420820 0.088073 0.437644 0.082865 0.463268 0.088073 0.459662 0.098085 0.464870 0.110091 0.452058 0.121706 0.451264 0.129713 0.466874 0.123307 0.489296 0.123307 0.468880 0.141731 0.469674 0.150533 0.482096 0.153347 0.469674 0.162552 0.459662 0.168959 0.477682 0.185377 0.491302 0.214206 0.497304 0.233021 0.502110 0.256654 0.487696 0.263463 0.461666 0.256654 0.444050 0.257057 0.428438 0.267865 0.430040 0.282682 0.414024 0.294297 0.407618 0.304310 0.380378 0.330730 0.369974 0.332331 0.365964 0.321523 0.369974 0.306706 0.385990 0.295495 0.397994 0.295495 0.396394 0.289088 0.393998 0.281081 0.399206 0.271472 0.406810 0.259453 0.406810 0.248243 0.395196 0.230221 0.400808 0.219817 0.422032 0.235429 0.430430 0.240639 0.442044 0.232630 0.457266 0.226224 0.462070 0.237838 0.470078 0.237032 0.462864 0.196185 0.456862 0.186575 0.434440 0.180170 0.414414 0.167356 0.411614 0.155743 0.435638 0.161745 0.442852 0.157344 0.440442 0.145728 0.423190 0.142448 0.417656 0.115820 0.385468 0.092630 0.382708 0.070495
0 0.487044 0.383269 0.450456 0.385742 0.410144 0.388229 0.426264 0.368372 0.438672 0.355352 0.446732 0.337982 0.467200 0.337982 0.467826 0.355976 0.477748 0.364661
0 0.383268 0.256445 0.374466 0.245325 0.359636 0.253203 0.363346 0.270352 0.372618 0.283789 0.390678 0.281003 0.387434 0.265248
0 0.347592 0.233281 0.333698 0.230508 0.317018 0.241627 0.307278 0.256913 0.319336 0.268034 0.336940 0.254127 0.347592 0.248567
0 0.354076 0.297226 0.352226 0.284245 0.351758 0.273125 0.340182 0.272670 0.336940 0.284245 0.325352 0.291666 0.328594 0.304635 0.329518 0.317605 0.321654 0.329193 0.328138 0.339844 0.348516 0.348646 0.358204 0.334765 0.351822 0.321744 0.349440 0.307408
0 0.222566 0.251080 0.207344 0.260416 0.191770 0.270104 0.186576 0.286719 0.168230 0.279805 0.177930 0.251419 0.185534 0.238958 0.200078 0.232382 0.218072 0.233425 0.225338 0.242774
0 0.156770 0.252083 0.147812 0.241042 0.140546 0.236536 0.130508 0.231341 0.122552 0.241042 0.128086 0.253503 0.137774 0.263529 0.147474 0.268034 0.154388 0.259375
0 0.239870 0.309219 0.219454 0.310951 0.210104 0.323411 0.211836 0.332747 0.193502 0.341406 0.187956 0.350052 0.189348 0.363204 0.187956 0.375312 0.179648 0.384662 0.172382 0.398502 0.177578 0.410625 0.205950 0.413737 0.215300 0.395742 0.226028 0.381889 0.217032 0.371862 0.227760 0.357670 0.233646 0.348321 0.247838 0.337592 0.254414 0.327565 0.245416 0.317175
0 0.127748 0.185339 0.112930 0.182538 0.098516 0.188946 0.092110 0.196550 0.102526 0.204557 0.122148 0.203360 0.131354 0.194949
0 0.074896 0.196550 0.054870 0.193751 0.044466 0.204961 0.055678 0.214974 0.076498 0.214974 0.084908 0.200156
0 0.068580 0.374037 0.089896 0.371719 0.103802 0.360598 0.117240 0.347161 0.133450 0.330951 0.141796 0.327240 0.150130 0.314271 0.143178 0.306861 0.151524 0.301302 0.144102 0.292956 0.137618 0.284154 0.122330 0.292956 0.112500 0.317969 0.097292 0.340196 0.083098 0.342956 0.074102 0.331536 0.066836 0.321159 0.075834 0.319076 0.096940 0.304193 0.104558 0.281706 0.121172 0.270625 0.106980 0.254714 0.093828 0.252292 0.083438 0.247435 0.089322 0.233593 0.080326 0.226328 0.067864 0.233256 0.057838 0.248828 0.052982 0.257136 0.048490 0.254362 0.037070 0.251250 0.036380 0.261979 0.046068 0.266133 0.057838 0.261289 0.055404 0.267513 0.049180 0.274779 0.053684 0.283085 0.074102 0.282748 0.079636 0.273736 0.077904 0.267161 0.079636 0.254362 0.086210 0.258868 0.091054 0.268204 0.090716 0.276510 0.086902 0.282044 0.078946 0.291041 0.071328 0.296927 0.063020 0.296238 0.058178 0.291745 0.048490 0.293125 0.047448 0.303502 0.050222 0.325652 0.045716 0.325313 0.044336 0.321159 0.038450 0.306276 0.028412 0.297968 0.015612 0.297968 0.009376 0.308008 0.008346 0.322200 0.028072 0.325652 0.035338 0.327734 0.051954 0.333620 0.056796 0.337070 0.057136 0.342617 0.062330 0.351262 0.068216 0.358529 0.066484 0.364076
0 0.286510 0.368919 0.283294 0.354453 0.273646 0.348554 0.267214 0.369453 0.264532 0.398411 0.263984 0.414492 0.281146 0.418776 0.288646 0.384466
0 0.323424 0.458685 0.335834 0.453098 0.349480 0.438217 0.345756 0.432630 0.336458 0.428294 0.324050 0.438841 0.319088 0.447526
0 0.026406 0.682031 0.000000 0.689794 0.000000 0.703520 0.015586 0.701250 0.030404 0.697253 0.028802 0.690039
0 0.123386 0.596498 0.130598 0.585287 0.140208 0.578477 0.149818 0.571666 0.151810 0.566471 0.146614 0.559661 0.127786 0.550443 0.119778 0.554453 0.113776 0.562864 0.107370 0.572877 0.105768 0.580482 0.107370 0.588489 0.115378 0.592891
0 0.083386 0.578958 0.086484 0.569921 0.090624 0.562682 0.098386 0.558282 0.098386 0.548463 0.090364 0.547422 0.085456 0.555950 0.086484 0.559570 0.077188 0.559830 0.078216 0.555182 0.078998 0.544843 0.060678 0.532422 0.041796 0.526693 0.045442 0.541276 0.053658 0.547682 0.059114 0.555208 0.067578 0.579688
0 0.167318 0.536067 0.154688 0.540494 0.152800 0.546224 0.153920 0.552930 0.162630 0.558515 0.181406 0.554245 0.183190 0.544192 0.189922 0.537721 0.198502 0.529063 0.211054 0.519791 0.213360 0.509180 0.218764 0.499713 0.224752 0.488138 0.204284 0.484075 0.194428 0.478867 0.170886 0.454909 0.153294 0.448919 0.132656 0.461484 0.130912 0.468827 0.145182 0.477317 0.155040 0.489675 0.151954 0.498165 0.146732 0.494297 0.133998 0.490455 0.128790 0.490833 0.125104 0.499713 0.127044 0.504740 0.133204 0.507266 0.149830 0.505521 0.150014 0.511511 0.145964 0.518073 0.145586 0.523868 0.166054 0.530808 0.141524 0.531016 0.136498 0.525599 0.123958 0.525989 0.121836 0.533308 0.119310 0.541628 0.125260 0.546094 0.137474 0.542786 0.149258 0.539296
0 0.119648 0.503256 0.108256 0.498568 0.099310 0.499467 0.096184 0.505938 0.099544 0.511080 0.115404 0.514882 0.120312 0.508398
0 0.091758 0.396628 0.085820 0.390690 0.073672 0.385521 0.068502 0.389389 0.068750 0.400247 0.080652 0.408776 0.090990 0.411888 0.097188 0.404388
0 0.062566 0.412149 0.050404 0.404232 0.041902 0.403464 0.037656 0.411576 0.041902 0.416979 0.057734 0.424127 0.064296 0.418529
0 0.279688 0.218099 0.265964 0.212096 0.261184 0.218373 0.260586 0.226757 0.270456 0.230637 0.279726 0.222565
0 0.106914 0.114635 0.096316 0.111276 0.084674 0.113346 0.081054 0.124206 0.087526 0.129115 0.098126 0.129115 0.106914 0.122917
0 0.055716 0.622969 0.036888 0.616563 0.023282 0.604545 0.012864 0.604948 0.008464 0.620573 0.014062 0.632553 0.030468 0.641406 0.046876 0.646223 0.059714 0.638177
0 0.243438 0.561329 0.256614 0.573490 0.260494 0.577877 0.278854 0.575807 0.277304 0.567018 0.265664 0.554610 0.250938 0.547370 0.232318 0.543749 0.220170 0.547110 0.214218 0.557461 0.219388 0.568307 0.230768 0.579948 0.241106 0.583307 0.246796 0.570638
0 0.000000 0.783702 0.000000 0.768892 0.004414 0.767787 0.014714 0.770573 0.015756 0.776823 0.006770 0.781511
0 0.064908 0.793894 0.058438 0.790026 0.047070 0.788216 0.034140 0.793894 0.030520 0.801133 0.033098 0.806563 0.041640 0.813802 0.049388 0.814583 0.055598 0.813541 0.066198 0.804752
0 0.210442 0.750468 0.199596 0.747370 0.189766 0.748920 0.181758 0.758737 0.187434 0.766757 0.197786 0.770118 0.210456 0.765977 0.214062 0.757188
0 0.265520 0.708334 0.255170 0.706523 0.244062 0.710143 0.241472 0.716862 0.246640 0.721771 0.257500 0.723060 0.269388 0.718932 0.268620 0.715051
0 0.370756 0.590130 0.360678 0.602018 0.354206 0.609778 0.368424 0.614948 0.372826 0.620899 0.360416 0.626328 0.343868 0.630456 0.336120 0.637956 0.320860 0.636406 0.317760 0.625547 0.327330 0.619349 0.330170 0.611328 0.339740 0.609258 0.344388 0.601511 0.349036 0.590130 0.355768 0.580313 0.365846 0.581861
0 0.200704 0.659753 0.189088 0.655508 0.183946 0.650600 0.187084 0.639870 0.198698 0.637630 0.207188 0.644115 0.215014 0.645456 0.227994 0.653776 0.223698 0.663282 0.214584 0.666015 0.204284 0.663112
0 0.150912 0.775130 0.149596 0.778985 0.157096 0.784922 0.162774 0.797592 0.155286 0.806381 0.145716 0.809739 0.136928 0.805091 0.130208 0.793463 0.135118 0.784674 0.132526 0.773294 0.140286 0.769935 0.148046 0.770964
0 0.119610 0.783633 0.111328 0.779492 0.099700 0.784674 0.097890 0.791394 0.103060 0.796302 0.111848 0.796822 0.117540 0.795274 0.119610 0.789583
0 0.040494 0.821380 0.034818 0.827318 0.023958 0.828100 0.016198 0.830430 0.013098 0.843867 0.012838 0.850846 0.014648 0.858606 0.024726 0.860156 0.030156 0.857317 0.036614 0.849817 0.040494 0.840769 0.048516 0.832500 0.051876 0.827070 0.046966 0.822409
0 0.130730 0.878906 0.111510 0.879570 0.104922 0.872696 0.088776 0.870300 0.076810 0.874193 0.071718 0.887044 0.073816 0.897513 0.078906 0.902903 0.097748 0.905000 0.109714 0.897214 0.117786 0.895429 0.129752 0.894233 0.135430 0.886445
0 0.114192 0.823034 0.117486 0.815560 0.117486 0.809883 0.107318 0.806289 0.098046 0.813164 0.093256 0.827226 0.089076 0.833802 0.083086 0.841588 0.081888 0.847565 0.088476 0.856237 0.108216 0.847565 0.115690 0.839493 0.116588 0.830521
0 0.022994 0.893060 0.019896 0.884791 0.012396 0.876784 0.004388 0.886602 0.005156 0.891510 0.003086 0.895130 0.000000 0.894898 0.000000 0.909655 0.005678 0.908060 0.011368 0.907031 0.020664 0.909870 0.027396 0.906510 0.041094 0.902890 0.038020 0.894661 0.031016 0.894101
0 0.223828 0.848829 0.216640 0.847631 0.209766 0.850951 0.209766 0.858099 0.217540 0.860222 0.223528 0.856602
0 0.078750 0.708307 0.067930 0.711784 0.063684 0.721432 0.050170 0.720859 0.054414 0.708881 0.060782 0.699231 0.066770 0.694596 0.074492 0.700586
0 0.106810 0.911198 0.129518 0.910742 0.148046 0.911198 0.156848 0.921862 0.157774 0.934361 0.160092 0.949662 0.144336 0.973281 0.152682 0.997839 0.152682 0.998698 0.127482 0.998698 0.117006 0.990430 0.114218 0.970508 0.099402 0.963555 0.076692 0.959388 0.055378 0.954284 0.062800 0.939921 0.083646 0.933906 0.092916 0.925104
0 0.376016 0.363450 0.369610 0.356237 0.360000 0.357435 0.359192 0.370651 0.361198 0.377864 0.374010 0.376666
0 0.321666 0.484804 0.310300 0.479414 0.296236 0.480012 0.289960 0.485703 0.293842 0.494675 0.300130 0.500052 0.316276 0.503945 0.324948 0.496471
0 0.004454 0.981550 0.000000 0.986010 0.000000 0.932462 0.002852 0.930703 0.019270 0.928698 0.034088 0.929896 0.033684 0.948320 0.013672 0.969140
0 0.998698 0.210178 0.985912 0.207917 0.974700 0.215131 0.978710 0.226744 0.977904 0.237956 0.979908 0.246758 0.989922 0.252774 0.998698 0.254463
0 0.047994 0.859895 0.039726 0.858867 0.027826 0.863256 0.023698 0.869206 0.027826 0.875925 0.036106 0.880834 0.047226 0.880065 0.053164 0.873854 0.053424 0.866875
