0 0.000000 0.585634 0.008971 0.586888 0.018985 0.578880 0.013373 0.569675 0.024987 0.563659 0.029791 0.544037 0.036601 0.538437 0.062227 0.524428 0.069037 0.513203 0.052213 0.506002 0.036993 0.516406 0.018581 0.522019 0.000000 0.535460 0.000000 0.538418 0.000963 0.549245 0.000000 0.549012
0 0.025691 0.778788 0.028933 0.760247 0.021055 0.748203 0.023373 0.719948 0.032631 0.710221 0.035417 0.691224 0.047929 0.695391 0.067851 0.710677 0.077109 0.731068 0.072019 0.759323 0.049779 0.775078
0 0.000000 0.630161 0.000000 0.652158 0.004831 0.652760 0.013177 0.661106 0.038191 0.665273 0.054869 0.649062 0.050235 0.630521 0.020587 0.632383 0.002981 0.633308
0 0.098645 0.681420 0.110429 0.651028 0.106705 0.620013 0.109817 0.592096 0.124075 0.582800 0.140209 0.571628 0.152605 0.557981 0.182383 0.564805 0.196641 0.581549 0.180521 0.608841 0.155091 0.615664 0.143933 0.630560 0.158815 0.639856 0.140209 0.659701 0.141445 0.670873 0.125325 0.689479 0.112291 0.686380
0 0.030989 0.000000 0.036003 0.012735 0.015535 0.022656 0.000000 0.025177 0.000000 0.038222 0.021731 0.044986 0.053373 0.041875 0.057097 0.046848 0.063919 0.060482 0.070117 0.071029 0.089349 0.082812 0.110429 0.067305 0.109817 0.048697 0.086251 0.039401 0.092317 0.035807 0.112631 0.031250 0.103647 0.000912 0.071355 0.000261 0.071355 0.006524 0.076941 0.020169 0.086589 0.029817 0.071355 0.023269 0.065781 0.009622 0.058333 0.000912
0 0.147161 0.058060 0.134831 0.050560 0.119285 0.056445 0.121967 0.067708 0.112851 0.075742 0.116601 0.083255 0.130547 0.082721 0.146627 0.068243
0 0.065143 0.083789 0.047995 0.083789 0.044231 0.075208 0.028685 0.075208 0.027617 0.090221 0.032449 0.107383 0.053347 0.111666 0.071041 0.103085 0.074257 0.090755
0 0.189505 0.078425 0.206667 0.078972 0.227031 0.074674 0.230247 0.057526 0.236679 0.051093 0.245795 0.059127 0.253841 0.065026 0.247409 0.074674 0.260273 0.083255 0.261875 0.091836 0.243113 0.095053 0.236679 0.089154 0.227031 0.098268 0.204519 0.099336 0.184153 0.096120
0 0.154975 0.092188 0.172969 0.083529 0.180587 0.074193 0.177475 0.062774 0.183359 0.048229 0.179545 0.025742 0.163281 0.021588 0.152213 0.032317 0.156367 0.044779 0.157397 0.063463 0.155665 0.076262 0.148751 0.084570
0 0.124231 0.125235 0.125157 0.118750 0.128399 0.106706 0.121915 0.095130 0.109869 0.088177 0.089479 0.085859 0.091341 0.095585 0.101067 0.107175 0.108945 0.113191 0.107553 0.126172 0.115885 0.130338
0 0.179363 0.100221 0.161757 0.094192 0.142305 0.100221 0.138593 0.109493 0.143229 0.119675 0.160365 0.124310 0.174727 0.117370 0.181225 0.110417
0 0.308165 0.000613 0.307709 0.009414 0.315573 0.019141 0.330403 0.022851 0.344765 0.018672 0.349857 0.002462
0 0.482369 0.014974 0.473567 0.020990 0.468007 0.026549 0.469857 0.049258 0.476341 0.053425 0.483763 0.043229 0.493489 0.038606 0.497201 0.055274 0.493959 0.063620 0.478203 0.074740 0.459661 0.074271 0.449011 0.074740 0.459205 0.082148 0.466159 0.087708 0.460131 0.096054 0.445769 0.094192 0.431875 0.085859 0.428619 0.068255 0.445299 0.060834 0.445769 0.023776 0.451329 0.008946 0.482369 0.006172
0 0.350587 0.087786 0.344363 0.097135 0.338815 0.113059 0.333971 0.125521 0.333281 0.133125 0.319779 0.141432 0.303177 0.141093 0.299713 0.146966 0.304895 0.157357 0.339857 0.163580 0.375157 0.164271 0.398347 0.157696 0.392109 0.145938 0.367201 0.141093 0.329127 0.145247 0.331199 0.139700 0.343659 0.138320 0.358203 0.133125 0.363047 0.124480 0.367891 0.113750 0.380691 0.111329 0.391771 0.111329 0.418073 0.106132 0.426381 0.095755 0.413567 0.088828 0.388997 0.098516 0.375847 0.103021 0.376199 0.094023 0.358893 0.084336
0 0.232929 0.158998 0.209883 0.157929 0.194337 0.155781 0.186289 0.140768 0.162175 0.141315 0.159493 0.160064 0.166459 0.169180 0.169141 0.180443 0.177175 0.190625 0.193269 0.181510 0.224349 0.179375
0 0.597995 0.182044 0.571719 0.160064 0.555639 0.149350 0.559401 0.122552 0.540091 0.098959 0.526693 0.109141 0.530989 0.152032 0.545443 0.169661 0.566407 0.192188 0.582449 0.205104 0.592097 0.192773
0 0.661029 0.067032 0.664831 0.080872 0.668985 0.095755 0.688021 0.091940 0.697357 0.073607 0.711549 0.062526 0.719857 0.073255 0.737161 0.073607 0.732317 0.052149 0.726785 0.045911 0.747539 0.033451 0.766575 0.024115 0.778347 0.019961 0.788725 0.031380 0.807071 0.027917 0.808803 0.016146 0.797383 0.001614 0.736615 0.000000 0.732279 0.000000 0.727475 0.016146 0.716393 0.019270 0.704635 0.007500 0.696537 0.000000 0.686067 0.000000 0.684205 0.000235 0.687331 0.014766 0.695977 0.026537 0.704975 0.032423 0.703593 0.040378 0.690443 0.045911 0.675899 0.026185 0.661367 0.027226 0.663451 0.040378 0.666563 0.054909 0.663451 0.060104
0 0.727475 0.166003 0.737513 0.170507 0.749961 0.158398 0.758619 0.150092 0.770039 0.151472 0.765195 0.171198 0.756537 0.189544 0.732317 0.191276 0.721589 0.179154 0.721589 0.174661
0 0.625755 0.075261 0.632955 0.066849 0.636563 0.059636 0.648581 0.050429 0.654987 0.041615 0.654179 0.026002 0.643777 0.016393 0.635365 0.024401 0.631355 0.026002 0.624949 0.008789 0.611731 0.015990 0.612943 0.030807 0.615339 0.050026 0.616147 0.070052
0 0.598919 0.070859 0.621341 0.088073 0.638165 0.082865 0.663789 0.088073 0.660183 0.098085 0.665391 0.110091 0.652579 0.121706 0.651785 0.129713 0.667395 0.123307 0.689817 0.123307 0.669401 0.141731 0.670195 0.150533 0.682617 0.153347 0.670195 0.162552 0.660183 0.168959 0.678203 0.185377 0.691823 0.214206 0.697825 0.233021 0.702631 0.256654 0.688217 0.263463 0.662187 0.256654 0.644571 0.257057 0.628959 0.267865 0.630561 0.282682 0.614545 0.294297 0.608139 0.304310 0.580899 0.330730 0.570495 0.332331 0.566485 0.321523 0.570495 0.306706 0.586511 0.295495 0.598515 0.295495 0.596915 0.289088 0.594519 0.281081 0.599727 0.271472 0.607331 0.259453 0.607331 0.248243 0.595717 0.230221 0.601329 0.219817 0.622553 0.235429 0.630951 0.240639 0.642565 0.232630 0.657787 0.226224 0.662591 0.237838 0.670599 0.237032 0.663385 0.196185 0.657383 0.186575 0.634961 0.180170 0.614935 0.167356 0.612135 0.155743 0.636159 0.161745 0.643373 0.157344 0.640963 0.145728 0.623711 0.142448 0.618177 0.115820 0.585989 0.092630 0.583229 0.070495
0 0.687565 0.383269 0.650977 0.385742 0.610665 0.388229 0.626785 0.368372 0.639193 0.355352 0.647253 0.337982 0.667721 0.337982 0.668347 0.355976 0.678269 0.364661
0 0.583789 0.256445 0.574987 0.245325 0.560157 0.253203 0.563867 0.270352 0.573139 0.283789 0.591199 0.281003 0.587955 0.265248
0 0.548113 0.233281 0.534219 0.230508 0.517539 0.241627 0.507799 0.256913 0.519857 0.268034 0.537461 0.254127 0.548113 0.248567
0 0.554597 0.297226 0.552747 0.284245 0.552279 0.273125 0.540703 0.272670 0.537461 0.284245 0.525873 0.291666 0.529115 0.304635 0.530039 0.317605 0.522175 0.329193 0.528659 0.339844 0.549037 0.348646 0.558725 0.334765 0.552343 0.321744 0.549961 0.307408
0 0.423087 0.251080 0.407865 0.260416 0.392291 0.270104 0.387097 0.286719 0.368751 0.279805 0.378451 0.251419 0.386055 0.238958 0.400599 0.232382 0.418593 0.233425 0.425859 0.242774
0 0.357291 0.252083 0.348333 0.241042 0.341067 0.236536 0.331029 0.231341 0.323073 0.241042 0.328607 0.253503 0.338295 0.263529 0.347995 0.268034 0.354909 0.259375
0 0.440391 0.309219 0.419975 0.310951 0.410625 0.323411 0.412357 0.332747 0.394023 0.341406 0.388477 0.350052 0.389869 0.363204 0.388477 0.375312 0.380169 0.384662 0.372903 0.398502 0.378099 0.410625 0.406471 0.413737 0.415821 0.395742 0.426549 0.381889 0.417553 0.371862 0.428281 0.357670 0.434167 0.348321 0.448359 0.337592 0.454935 0.327565 0.445937 0.317175
0 0.328269 0.185339 0.313451 0.182538 0.299037 0.188946 0.292631 0.196550 0.303047 0.204557 0.322669 0.203360 0.331875 0.194949
0 0.275417 0.196550 0.255391 0.193751 0.244987 0.204961 0.256199 0.214974 0.277019 0.214974 0.285429 0.200156
0 0.269101 0.374037 0.290417 0.371719 0.304323 0.360598 0.317761 0.347161 0.333971 0.330951 0.342317 0.327240 0.350651 0.314271 0.343699 0.306861 0.352045 0.301302 0.344623 0.292956 0.338139 0.284154 0.322851 0.292956 0.313021 0.317969 0.297813 0.340196 0.283619 0.342956 0.274623 0.331536 0.267357 0.321159 0.276355 0.319076 0.297461 0.304193 0.305079 0.281706 0.321693 0.270625 0.307501 0.254714 0.294349 0.252292 0.283959 0.247435 0.289843 0.233593 0.280847 0.226328 0.268385 0.233256 0.258359 0.248828 0.253503 0.257136 0.249011 0.254362 0.237591 0.251250 0.236901 0.261979 0.246589 0.266133 0.258359 0.261289 0.255925 0.267513 0.249701 0.274779 0.254205 0.283085 0.274623 0.282748 0.280157 0.273736 0.278425 0.267161 0.280157 0.254362 0.286731 0.258868 0.291575 0.268204 0.291237 0.276510 0.287423 0.282044 0.279467 0.291041 0.271849 0.296927 0.263541 0.296238 0.258699 0.291745 0.249011 0.293125 0.247969 0.303502 0.250743 0.325652 0.246237 0.325313 0.244857 0.321159 0.238971 0.306276 0.228933 0.297968 0.216133 0.297968 0.209897 0.308008 0.208867 0.322200 0.228593 0.325652 0.235859 0.327734 0.252475 0.333620 0.257317 0.337070 0.257657 0.342617 0.262851 0.351262 0.268737 0.358529 0.267005 0.364076
0 0.487031 0.368919 0.483815 0.354453 0.474167 0.348554 0.467735 0.369453 0.465053 0.398411 0.464505 0.414492 0.481667 0.418776 0.489167 0.384466
0 0.523945 0.458685 0.536355 0.453098 0.550001 0.438217 0.546277 0.432630 0.536979 0.428294 0.524571 0.438841 0.519609 0.447526
0 0.185911 0.614362 0.171029 0.614362 0.165443 0.620573 0.169167 0.636081 0.170417 0.646003 0.181575 0.646003 0.189023 0.639179 0.189023 0.628007
0 0.226927 0.682031 0.199687 0.690039 0.194089 0.691640 0.196889 0.704049 0.216107 0.701250 0.230925 0.697253 0.229323 0.690039
0 0.323907 0.596498 0.331119 0.585287 0.340729 0.578477 0.350339 0.571666 0.352331 0.566471 0.347135 0.559661 0.328307 0.550443 0.320299 0.554453 0.314297 0.562864 0.307891 0.572877 0.306289 0.580482 0.307891 0.588489 0.315899 0.592891
0 0.283907 0.578958 0.287005 0.569921 0.291145 0.562682 0.298907 0.558282 0.298907 0.548463 0.290885 0.547422 0.285977 0.555950 0.287005 0.559570 0.277709 0.559830 0.278737 0.555182 0.279519 0.544843 0.261199 0.532422 0.242317 0.526693 0.245963 0.541276 0.254179 0.547682 0.259635 0.555208 0.268099 0.579688
0 0.367839 0.536067 0.355209 0.540494 0.353321 0.546224 0.354441 0.552930 0.363151 0.558515 0.381927 0.554245 0.383711 0.544192 0.390443 0.537721 0.399023 0.529063 0.411575 0.519791 0.413881 0.509180 0.419285 0.499713 0.425273 0.488138 0.404805 0.484075 0.394949 0.478867 0.371407 0.454909 0.353815 0.448919 0.333177 0.461484 0.331433 0.468827 0.345703 0.477317 0.355561 0.489675 0.352475 0.498165 0.347253 0.494297 0.334519 0.490455 0.329311 0.490833 0.325625 0.499713 0.327565 0.504740 0.333725 0.507266 0.350351 0.505521 0.350535 0.511511 0.346485 0.518073 0.346107 0.523868 0.366575 0.530808 0.342045 0.531016 0.337019 0.525599 0.324479 0.525989 0.322357 0.533308 0.319831 0.541628 0.325781 0.546094 0.337995 0.542786 0.349779 0.539296
0 0.320169 0.503256 0.308777 0.498568 0.299831 0.499467 0.296705 0.505938 0.300065 0.511080 0.315925 0.514882 0.320833 0.508398
0 0.292279 0.396628 0.286341 0.390690 0.274193 0.385521 0.269023 0.389389 0.269271 0.400247 0.281173 0.408776 0.291511 0.411888 0.297709 0.404388
0 0.263087 0.412149 0.250925 0.404232 0.242423 0.403464 0.238177 0.411576 0.242423 0.416979 0.258255 0.424127 0.264817 0.418529
0 0.480209 0.218099 0.466485 0.212096 0.461705 0.218373 0.461107 0.226757 0.470977 0.230637 0.480247 0.222565
0 0.307435 0.114635 0.296837 0.111276 0.285195 0.113346 0.281575 0.124206 0.288047 0.129115 0.298647 0.129115 0.307435 0.122917
0 0.256237 0.622969 0.237409 0.616563 0.223803 0.604545 0.213385 0.604948 0.208985 0.620573 0.214583 0.632553 0.230989 0.641406 0.247397 0.646223 0.260235 0.638177
0 0.443959 0.561329 0.457135 0.573490 0.461015 0.577877 0.479375 0.575807 0.477825 0.567018 0.466185 0.554610 0.451459 0.547370 0.432839 0.543749 0.420691 0.547110 0.414739 0.557461 0.419909 0.568307 0.431289 0.579948 0.441627 0.583307 0.447317 0.570638
0 0.110833 0.746849 0.094285 0.743229 0.089375 0.738581 0.089115 0.756927 0.090665 0.764427 0.107721 0.765196 0.113933 0.756666
0 0.005351 0.753307 0.000000 0.755740 0.000000 0.774713 0.008203 0.772696 0.011041 0.760547
0 0.194583 0.785625 0.183203 0.796745 0.170833 0.800130 0.161237 0.791055 0.166927 0.783555 0.175717 0.779414 0.184505 0.779414 0.190977 0.783294 0.193555 0.781485 0.191745 0.775287 0.194583 0.770378 0.204935 0.767787 0.215235 0.770573 0.216277 0.776823 0.207291 0.781511
0 0.265429 0.793894 0.258959 0.790026 0.247591 0.788216 0.234661 0.793894 0.231041 0.801133 0.233619 0.806563 0.242161 0.813802 0.249909 0.814583 0.256119 0.813541 0.266719 0.804752
0 0.410963 0.750468 0.400117 0.747370 0.390287 0.748920 0.382279 0.758737 0.387955 0.766757 0.398307 0.770118 0.410977 0.765977 0.414583 0.757188
0 0.466041 0.708334 0.455691 0.706523 0.444583 0.710143 0.441993 0.716862 0.447161 0.721771 0.458021 0.723060 0.469909 0.718932 0.469141 0.715051
0 0.571277 0.590130 0.561199 0.602018 0.554727 0.609778 0.568945 0.614948 0.573347 0.620899 0.560937 0.626328 0.544389 0.630456 0.536641 0.637956 0.521381 0.636406 0.518281 0.625547 0.527851 0.619349 0.530691 0.611328 0.540261 0.609258 0.544909 0.601511 0.549557 0.590130 0.556289 0.580313 0.566367 0.581861
0 0.401225 0.659753 0.389609 0.655508 0.384467 0.650600 0.387605 0.639870 0.399219 0.637630 0.407709 0.644115 0.415535 0.645456 0.428515 0.653776 0.424219 0.663282 0.415105 0.666015 0.404805 0.663112
0 0.351433 0.775130 0.350117 0.778985 0.357617 0.784922 0.363295 0.797592 0.355807 0.806381 0.346237 0.809739 0.337449 0.805091 0.330729 0.793463 0.335639 0.784674 0.333047 0.773294 0.340807 0.769935 0.348567 0.770964
0 0.320131 0.783633 0.311849 0.779492 0.300221 0.784674 0.298411 0.791394 0.303581 0.796302 0.312369 0.796822 0.318061 0.795274 0.320131 0.789583
0 0.169923 0.827578 0.163463 0.824479 0.155455 0.832239 0.157513 0.838437 0.164245 0.841028 0.170963 0.837669 0.171225 0.833528
0 0.192929 0.866615 0.188541 0.860677 0.177683 0.858606 0.170443 0.864545 0.169675 0.872825 0.175873 0.881875 0.184141 0.888334 0.194739 0.885755 0.196811 0.872565
0 0.241015 0.821380 0.235339 0.827318 0.224479 0.828100 0.216719 0.830430 0.213619 0.843867 0.213359 0.850846 0.215169 0.858606 0.225247 0.860156 0.230677 0.857317 0.237135 0.849817 0.241015 0.840769 0.249037 0.832500 0.252397 0.827070 0.247487 0.822409
0 0.331251 0.878906 0.312031 0.879570 0.305443 0.872696 0.289297 0.870300 0.277331 0.874193 0.272239 0.887044 0.274337 0.897513 0.279427 0.902903 0.298269 0.905000 0.310235 0.897214 0.318307 0.895429 0.330273 0.894233 0.335951 0.886445
0 0.314713 0.823034 0.318007 0.815560 0.318007 0.809883 0.307839 0.806289 0.298567 0.813164 0.293777 0.827226 0.289597 0.833802 0.283607 0.841588 0.282409 0.847565 0.288997 0.856237 0.308737 0.847565 0.316211 0.839493 0.317109 0.830521
0 0.119713 0.952279 0.129063 0.947435 0.134597 0.940169 0.125937 0.931172 0.104479 0.935663 0.086145 0.939467 0.090299 0.954700 0.096875 0.968894 0.108633 0.981003 0.126289 0.984114 0.148087 0.983777 0.144975 0.971654 0.129401 0.964388 0.123867 0.960925
0 0.223515 0.893060 0.220417 0.884791 0.212917 0.876784 0.204909 0.886602 0.205677 0.891510 0.203607 0.895130 0.189909 0.894101 0.186029 0.900299 0.191459 0.912201 0.206199 0.908060 0.211889 0.907031 0.221185 0.909870 0.227917 0.906510 0.241615 0.902890 0.238541 0.894661 0.231537 0.894101
0 0.424349 0.848829 0.417161 0.847631 0.410287 0.850951 0.410287 0.858099 0.418061 0.860222 0.424049 0.856602
0 0.113685 0.704441 0.105377 0.703060 0.094661 0.705143 0.098113 0.710677 0.107109 0.715520 0.117449 0.713412
0 0.279271 0.708307 0.268451 0.711784 0.264205 0.721432 0.250691 0.720859 0.254935 0.708881 0.261303 0.699231 0.267291 0.694596 0.275013 0.700586
0 0.170573 0.530599 0.164011 0.518463 0.141863 0.520533 0.138399 0.536459 0.144635 0.547526 0.157787 0.546836 0.169545 0.537839
0 0.307331 0.911198 0.330039 0.910742 0.348567 0.911198 0.357369 0.921862 0.358295 0.934361 0.360613 0.949662 0.344857 0.973281 0.353203 0.997839 0.353203 0.998698 0.328003 0.998698 0.317527 0.990430 0.314739 0.970508 0.299923 0.963555 0.277213 0.959388 0.255899 0.954284 0.263321 0.939921 0.284167 0.933906 0.293437 0.925104
0 0.576537 0.363450 0.570131 0.356237 0.560521 0.357435 0.559713 0.370651 0.561719 0.377864 0.574531 0.376666
0 0.522187 0.484804 0.510821 0.479414 0.496757 0.480012 0.490481 0.485703 0.494363 0.494675 0.500651 0.500052 0.516797 0.503945 0.525469 0.496471
0 0.204975 0.981550 0.195769 0.990768 0.188516 0.998698 0.139893 0.998698 0.138907 0.997969 0.164141 0.989557 0.158933 0.979948 0.165339 0.967539 0.174949 0.957929 0.184557 0.942304 0.203373 0.930703 0.219791 0.928698 0.234609 0.929896 0.234205 0.948320 0.214193 0.969140
0 0.165911 0.193490 0.154153 0.195911 0.134075 0.197292 0.134415 0.209753 0.151381 0.212527 0.174571 0.209753 0.184257 0.200755 0.176993 0.194518
0 0.248515 0.859895 0.240247 0.858867 0.228347 0.863256 0.224219 0.869206 0.228347 0.875925 0.236627 0.880834 0.247747 0.880065 0.253685 0.873854 0.253945 0.866875
0 0.066303 0.882448 0.047161 0.900091 0.040873 0.902786 0.054935 0.912057 0.052839 0.917135 0.042369 0.921028 0.028321 0.916236 0.029817 0.906406 0.019935 0.896497 0.024127 0.883646 0.033399 0.869583 0.051641 0.862995 0.061823 0.864791 0.067201 0.877357
