0 0.966550 0.895456 0.959974 0.889218 0.943710 0.895794 0.937136 0.909296 0.940586 0.925560 0.945092 0.934557 0.956158 0.920365 0.957552 0.904792
0 0.942869 0.998698 0.951250 0.988997 0.938098 0.982070 0.920104 0.983802 0.908684 0.995925 0.909125 0.998698
0 0.813516 0.876862 0.804506 0.867526 0.787200 0.863373 0.775442 0.869948 0.768868 0.891745 0.768516 0.907318 0.777514 0.919427 0.797240 0.919427 0.809010 0.902474
0 0.866458 0.796224 0.855040 0.782734 0.843268 0.774766 0.825964 0.771316 0.820092 0.782734 0.831510 0.792422 0.823204 0.803151 0.816966 0.807643 0.814896 0.818034 0.829778 0.817682 0.822852 0.825990 0.816628 0.833255 0.818698 0.842943 0.838086 0.844336 0.860924 0.840182 0.872396 0.832161 0.873724 0.814218
0 0.921836 0.757122 0.908334 0.757122 0.896914 0.764740 0.892760 0.776159 0.902448 0.784115 0.918372 0.779271 0.922526 0.770273
0 0.944010 0.721875 0.934986 0.717670 0.919752 0.724935 0.923216 0.736355 0.937370 0.736068 0.944010 0.726692
0 0.877878 0.671289 0.865416 0.669908 0.851236 0.673021 0.845000 0.689636 0.858502 0.700013 0.876848 0.696211 0.884454 0.682370
0 0.780624 0.766458 0.783060 0.751588 0.765052 0.751588 0.756744 0.759544 0.752252 0.774427 0.769206 0.779271 0.780976 0.774427
0 0.782356 0.795196 0.768178 0.791042 0.748790 0.795533 0.742566 0.807994 0.737018 0.814570 0.730794 0.818034 0.733906 0.824258 0.748450 0.824258 0.762630 0.820456 0.775782 0.813190 0.780976 0.804883
0 0.027994 0.299558 0.014830 0.291484 0.000000 0.284547 0.000000 0.311237 0.007956 0.316015 0.025000 0.315364 0.032474 0.307930
0 0.000000 0.200786 0.002982 0.198568 0.004010 0.188541 0.008868 0.151159 0.018204 0.125546 0.000000 0.122880
0 0.739322 0.136719 0.720794 0.136731 0.702252 0.150624 0.687434 0.162214 0.698554 0.172865 0.712916 0.164532 0.730520 0.157579 0.745312 0.151563
0 0.745352 0.234492 0.735156 0.223373 0.718008 0.221511 0.708282 0.234492 0.717552 0.247461 0.734232 0.257657 0.748594 0.250703
0 0.567318 0.279167 0.561406 0.268308 0.549362 0.259506 0.533152 0.267852 0.530834 0.284531 0.545196 0.301666 0.564192 0.303059 0.571602 0.293789
0 0.998698 0.827161 0.991810 0.832122 0.984896 0.843880 0.987318 0.853920 0.998698 0.852966
0 0.644688 0.747330 0.632226 0.749050 0.622540 0.757709 0.624960 0.770169 0.634310 0.773633 0.645040 0.767395 0.650912 0.755599
0 0.622890 0.695416 0.615274 0.691263 0.603502 0.694375 0.595196 0.705443 0.586550 0.718255 0.595546 0.725522 0.610808 0.719271 0.620118 0.708567
0 0.546054 0.730365 0.536706 0.727604 0.522174 0.732786 0.516290 0.739362 0.522174 0.752864 0.539128 0.751484 0.550520 0.742839
0 0.718412 0.657695 0.705950 0.648685 0.694532 0.653541 0.685872 0.664961 0.672370 0.668411 0.673764 0.686419 0.687604 0.690221 0.698334 0.690221 0.705950 0.697838 0.719792 0.685677 0.718750 0.669804
0 0.673412 0.594348 0.657148 0.607513 0.652304 0.618932 0.648842 0.634154 0.624960 0.631732 0.620808 0.618580 0.633620 0.612357 0.645040 0.603699 0.645378 0.579480 0.652304 0.573933 0.664766 0.576015 0.669948 0.582930
0 0.885248 0.460157 0.873632 0.453346 0.863620 0.464557 0.864844 0.476562 0.878438 0.476575 0.882838 0.470964
0 0.824714 0.467644 0.819792 0.459375 0.804610 0.458711 0.793658 0.460937 0.789414 0.467201 0.796784 0.478594 0.812200 0.483282 0.821132 0.476132
0 0.702006 0.476172 0.691966 0.477904 0.686080 0.483086 0.686432 0.486198 0.706158 0.484480 0.721028 0.481706 0.731420 0.484480 0.737644 0.491393 0.727618 0.499700 0.715494 0.505234 0.696120 0.510781 0.687122 0.506627 0.683308 0.503164 0.669818 0.510781 0.655274 0.505938 0.660130 0.497279 0.669128 0.486901 0.668776 0.474440 0.675352 0.465443 0.678816 0.461289 0.669466 0.452630 0.665312 0.444674 0.661510 0.430143 0.669128 0.415951 0.680886 0.414570 0.687122 0.422174 0.689192 0.434297 0.691276 0.442252 0.701654 0.445717 0.708920 0.423216 0.714114 0.410065 0.729336 0.405911 0.750104 0.393802 0.767070 0.387226 0.773984 0.394492 0.776406 0.416992 0.772252 0.423567 0.769830 0.447097 0.754258 0.458177 0.742838 0.454023 0.750794 0.425300 0.738684 0.451249 0.731420 0.454714 0.711692 0.455403 0.708580 0.468204
0 0.645144 0.483542 0.630730 0.480729 0.613112 0.482735 0.595898 0.492344 0.604296 0.504766 0.619922 0.503164 0.639544 0.500351 0.645546 0.494753
0 0.500990 0.452305 0.495442 0.469141 0.511406 0.471927 0.529024 0.479936 0.537826 0.484740 0.541432 0.491146 0.555052 0.496744 0.563060 0.516771 0.559454 0.541198 0.551822 0.560025 0.567058 0.575235 0.564662 0.588854 0.548242 0.592058 0.562656 0.608476 0.545040 0.626485 0.508204 0.626094 0.509518 0.637657 0.500872 0.651159 0.486016 0.665729 0.473880 0.685794 0.450704 0.690637 0.446888 0.667461 0.466640 0.649115 0.476848 0.619089 0.489662 0.596576 0.472682 0.593137 0.465078 0.577917 0.451940 0.592448 0.441210 0.585521 0.449180 0.559896 0.459192 0.553698 0.473046 0.558541 0.485494 0.564427 0.504192 0.567513 0.510078 0.579961 0.505560 0.591055 0.512486 0.593137 0.528736 0.576876 0.534622 0.546771 0.527786 0.507278 0.507994 0.503998 0.498424 0.486015 0.474206 0.474362 0.478126 0.454909 0.485300 0.446862 0.493658 0.446249
0 0.000000 0.681066 0.008346 0.682162 0.027188 0.689935 0.052006 0.698307 0.049922 0.709674 0.038256 0.725234 0.038854 0.746172 0.024492 0.747956 0.011928 0.732409 0.009830 0.710274 0.000000 0.709674
0 0.144140 0.779362 0.114232 0.768307 0.098672 0.768008 0.097474 0.780560 0.111236 0.788347 0.126784 0.796419 0.139348 0.790130
0 0.177084 0.807812 0.173450 0.798815 0.155208 0.803894 0.154428 0.817318 0.164192 0.824479 0.173152 0.819154
0 0.225378 0.900821 0.215182 0.886458 0.204986 0.873020 0.186914 0.867929 0.176718 0.884140 0.190626 0.904531 0.200820 0.915651 0.194792 0.939270 0.191550 0.961979 0.203594 0.964766 0.212396 0.949011 0.227226 0.937891 0.230938 0.920742 0.228152 0.911016
0 0.063710 0.689558 0.060950 0.704102 0.054376 0.719323 0.049870 0.739050 0.058528 0.742513 0.086902 0.732474 0.098672 0.719323 0.101446 0.715170 0.112864 0.720717 0.122200 0.716563 0.141588 0.726249 0.169960 0.734896 0.184506 0.728672 0.208724 0.725208 0.223256 0.716211 0.224296 0.705143 0.186576 0.702017 0.163046 0.709636 0.152656 0.693021 0.124218 0.698567 0.087252 0.683333 0.075144 0.683333
0 0.020456 0.576393 0.000000 0.561493 0.000000 0.615598 0.001080 0.618620 0.017682 0.620000 0.043646 0.618620 0.054376 0.606849 0.048490 0.586771 0.037070 0.581589
0 0.179310 0.496002 0.171002 0.506029 0.137084 0.508803 0.118398 0.494609 0.093476 0.519882 0.073412 0.535456 0.054376 0.578021 0.091406 0.594284 0.137434 0.595677 0.123242 0.565222 0.139856 0.541680 0.187618 0.528190 0.186928 0.501536
0 0.337812 0.542031 0.343008 0.555521 0.367930 0.549296 0.364466 0.531992 0.348894 0.518841 0.322240 0.508112 0.313242 0.502917 0.331236 0.482851 0.320170 0.474192 0.280014 0.481810 0.262722 0.474192 0.280716 0.440976 0.276210 0.430938 0.260990 0.433359 0.241602 0.449974 0.255794 0.412592 0.287942 0.398086 0.287422 0.378255 0.330820 0.355768 0.330820 0.342891 0.339688 0.327592 0.346264 0.354935 0.349088 0.362761 0.362630 0.359635 0.370834 0.348711 0.374296 0.339362 0.354218 0.332096 0.354570 0.325169 0.379480 0.322395 0.398516 0.330703 0.420664 0.322058 0.427592 0.311328 0.414778 0.303710 0.382604 0.297135 0.415924 0.269492 0.448216 0.267409 0.458984 0.276966 0.476042 0.276679 0.472266 0.251250 0.429844 0.248438 0.435026 0.244844 0.467878 0.241627 0.468294 0.223633 0.475872 0.204804 0.459882 0.199192 0.431432 0.220417 0.411016 0.193594 0.388204 0.204804 0.404986 0.233633 0.384570 0.229622 0.371770 0.238438 0.377370 0.258868 0.358958 0.262083 0.339752 0.301289 0.326536 0.297695 0.313308 0.308907 0.311588 0.331640 0.308984 0.330338 0.308920 0.311328 0.285274 0.290117 0.274062 0.299323 0.282032 0.343750 0.234024 0.395012 0.226562 0.409636 0.219662 0.454167 0.210000 0.472708 0.191562 0.481914 0.196784 0.499115 0.218412 0.504713 0.236406 0.485508 0.249636 0.484297 0.258464 0.491498 0.304492 0.523139
0 0.428764 0.391901 0.410678 0.392930 0.397748 0.404049 0.401628 0.424479 0.378386 0.432032 0.375520 0.420834 0.383268 0.408190 0.370860 0.404831 0.353516 0.399089 0.335938 0.377735 0.342942 0.367852 0.363152 0.369922 0.370572 0.380468 0.382748 0.386210 0.412226 0.371471 0.436524 0.368632 0.460052 0.371732 0.472200 0.381041 0.480208 0.404049 0.479428 0.418881 0.460572 0.420338 0.454102 0.401471 0.447396 0.392968
0 0.419024 0.487058 0.412266 0.481653 0.401446 0.483203 0.394506 0.492083 0.406666 0.500964 0.418450 0.495364
0 0.000000 0.540725 0.025234 0.542825 0.045300 0.523790 0.059896 0.514844 0.061980 0.503385 0.048072 0.496797 0.053606 0.485377 0.067448 0.478112 0.075756 0.472565 0.084062 0.461836 0.082682 0.450416 0.094662 0.449349 0.106510 0.442579 0.111406 0.432774 0.131132 0.431042 0.139792 0.436576 0.138398 0.453529 0.139792 0.464258 0.150508 0.462188 0.162630 0.452839 0.182696 0.440039 0.179244 0.426536 0.161236 0.418919 0.142214 0.424805 0.134596 0.414076 0.122826 0.407499 0.142552 0.391927 0.153282 0.382239 0.147058 0.370130 0.134596 0.370469 0.140482 0.361133 0.159518 0.347630 0.174740 0.331706 0.169206 0.322709 0.157786 0.319948 0.158126 0.303333 0.166432 0.293646 0.177162 0.288099 0.198620 0.280833 0.207618 0.265950 0.202084 0.261796 0.202422 0.245885 0.192734 0.242774 0.176120 0.257657 0.165742 0.267682 0.154322 0.256262 0.140820 0.260768 0.139792 0.272526 0.122826 0.274610 0.125938 0.299179 0.130092 0.302643 0.131822 0.329986 0.123868 0.330325 0.115912 0.321680 0.099636 0.325130 0.099010 0.332617 0.103828 0.358633 0.104726 0.370299 0.099322 0.383178 0.107110 0.391861 0.095456 0.406224 0.079284 0.413697 0.076002 0.428646 0.064024 0.430730 0.027826 0.414284 0.008098 0.419961 0.011902 0.439687 0.031290 0.446264 0.027136 0.456654 0.033020 0.470144 0.028178 0.483294 0.016406 0.514441 0.004986 0.519988 0.000000 0.513267
0 0.604688 0.394388 0.595338 0.386081 0.580104 0.383659 0.580456 0.396119 0.586680 0.406498 0.591536 0.417227 0.606758 0.413763 0.606406 0.400964
0 0.557618 0.372930 0.552070 0.358737 0.537500 0.359375 0.530990 0.376041 0.528516 0.390235 0.535808 0.407187 0.546224 0.407942 0.548620 0.397499 0.550352 0.385040
0 0.326080 0.593046 0.319166 0.582317 0.309818 0.586471 0.303932 0.597891 0.311888 0.605495 0.320196 0.601341
0 0.437864 0.711054 0.424714 0.704831 0.403256 0.705520 0.397032 0.716588 0.405678 0.726979 0.416406 0.727670 0.431640 0.722135
0 0.346158 0.758125 0.327812 0.754662 0.313620 0.764011 0.315352 0.777851 0.337500 0.782005 0.353072 0.770924
0 0.629492 0.877486 0.651914 0.880690 0.684752 0.877486 0.695964 0.868672 0.679140 0.859062 0.694362 0.840235 0.706368 0.822226 0.715586 0.802604 0.713984 0.785781 0.676744 0.786589 0.667930 0.801797 0.666328 0.821016 0.652722 0.840235 0.637500 0.855052
0 0.418034 0.772031 0.443646 0.758880 0.479296 0.756458 0.499362 0.762005 0.524284 0.772031 0.526016 0.790378 0.521862 0.805611 0.506980 0.800064 0.496940 0.787265 0.474792 0.784492 0.449882 0.787956 0.424960 0.783451
0 0.470964 0.835417 0.452644 0.828789 0.430156 0.830182 0.429114 0.848178 0.446758 0.859244 0.466836 0.855794 0.473438 0.845052
0 0.529818 0.813541 0.547526 0.812239 0.582422 0.820144 0.588020 0.840495 0.595964 0.856119 0.603256 0.868229 0.599388 0.882435 0.601458 0.886250 0.614610 0.882435 0.622916 0.888671 0.621536 0.899740 0.613230 0.910469 0.601458 0.914271 0.602852 0.922578 0.616002 0.924310 0.613230 0.939193 0.591770 0.947499 0.563736 0.950612 0.544010 0.944726 0.532240 0.936433 0.539518 0.926041 0.562006 0.922239 0.571354 0.919128 0.578282 0.905625 0.578282 0.895586 0.567838 0.875911 0.545442 0.853776 0.531210 0.843672 0.500066 0.845755 0.491068 0.836068 0.502136 0.823946 0.515976 0.820833
0 0.661680 0.967227 0.664102 0.958580 0.647838 0.956848 0.636420 0.962030 0.621184 0.962030 0.617032 0.972422 0.626692 0.985547 0.644662 0.984896 0.653372 0.976576
0 0.719532 0.938542 0.705338 0.939193 0.700794 0.947149 0.689322 0.951693 0.683204 0.961979 0.698698 0.967969 0.708750 0.956848
0 0.782422 0.986067 0.770456 0.995690 0.758790 0.995990 0.757592 0.987019 0.763880 0.980130 0.774934 0.975951 0.782422 0.977149
0 0.374934 0.962578 0.362122 0.956966 0.352916 0.962578 0.349310 0.974583 0.359766 0.981771 0.372136 0.977787
0 0.771640 0.566889 0.763072 0.560456 0.748594 0.561537 0.746980 0.570104 0.756094 0.580833 0.772174 0.586732 0.775938 0.577618
