0 0.998698 0.866007 0.987721 0.863373 0.975963 0.869948 0.969389 0.891745 0.969037 0.907318 0.978035 0.919427 0.997761 0.919427 0.998698 0.918077
0 0.981145 0.766458 0.983581 0.751588 0.965573 0.751588 0.957265 0.759544 0.952773 0.774427 0.969727 0.779271 0.981497 0.774427
0 0.982877 0.795196 0.968699 0.791042 0.949311 0.795533 0.943087 0.807994 0.937539 0.814570 0.931315 0.818034 0.934427 0.824258 0.948971 0.824258 0.963151 0.820456 0.976303 0.813190 0.981497 0.804883
0 0.000000 0.481193 0.011081 0.475990 0.005091 0.465820 0.000000 0.464593 0.000000 0.445991 0.048763 0.444570 0.077487 0.436822 0.077175 0.412864 0.062501 0.403907 0.040977 0.420652 0.025717 0.422149 0.045481 0.402696 0.022149 0.400027 0.003881 0.417683 0.000000 0.417820 0.000000 0.412590 0.024231 0.379088 0.070013 0.366211 0.072995 0.342579 0.070599 0.317448 0.074479 0.301602 0.059843 0.293541 0.042187 0.301015 0.045755 0.324023 0.011081 0.345274 0.000000 0.335894
0 0.133777 0.319076 0.118165 0.315078 0.100951 0.315482 0.090535 0.324284 0.093333 0.339505 0.099739 0.347513 0.114167 0.347513 0.118971 0.356718 0.128177 0.360729 0.142995 0.352318 0.150195 0.342708 0.145795 0.326290
0 0.228515 0.299558 0.215351 0.291484 0.196811 0.282812 0.176771 0.284896 0.178855 0.290587 0.189323 0.304049 0.196511 0.308829 0.208477 0.316015 0.225521 0.315364 0.232995 0.307930
0 0.065455 0.208034 0.055847 0.213398 0.050039 0.220781 0.047579 0.232395 0.050039 0.246250 0.056067 0.254519 0.072825 0.258542 0.089363 0.256523 0.082435 0.245794 0.065899 0.230834 0.075729 0.220781 0.071705 0.214518
0 0.121823 0.244258 0.130469 0.256718 0.144323 0.256368 0.152969 0.244596 0.152279 0.231445 0.152279 0.225222 0.166147 0.220182 0.189323 0.209115 0.203503 0.198568 0.204531 0.188541 0.209389 0.151159 0.218725 0.125546 0.192773 0.121745 0.185507 0.139388 0.185507 0.173658 0.167851 0.177812 0.146745 0.172617 0.121471 0.175390 0.114897 0.186810 0.119401 0.199961 0.107291 0.223150 0.112825 0.236992
0 0.133959 0.034804 0.119597 0.027851 0.107083 0.038046 0.111263 0.057501 0.129323 0.059818 0.137631 0.050521
0 0.939843 0.136719 0.921315 0.136731 0.902773 0.150624 0.887955 0.162214 0.899075 0.172865 0.913437 0.164532 0.931041 0.157579 0.945833 0.151563
0 0.945873 0.234492 0.935677 0.223373 0.918529 0.221511 0.908803 0.234492 0.918073 0.247461 0.934753 0.257657 0.949115 0.250703
0 0.767839 0.279167 0.761927 0.268308 0.749883 0.259506 0.733673 0.267852 0.731355 0.284531 0.745717 0.301666 0.764713 0.303059 0.772123 0.293789
0 0.845209 0.747330 0.832747 0.749050 0.823061 0.757709 0.825481 0.770169 0.834831 0.773633 0.845561 0.767395 0.851433 0.755599
0 0.823411 0.695416 0.815795 0.691263 0.804023 0.694375 0.795717 0.705443 0.787071 0.718255 0.796067 0.725522 0.811329 0.719271 0.820639 0.708567
0 0.746575 0.730365 0.737227 0.727604 0.722695 0.732786 0.716811 0.739362 0.722695 0.752864 0.739649 0.751484 0.751041 0.742839
0 0.918933 0.657695 0.906471 0.648685 0.895053 0.653541 0.886393 0.664961 0.872891 0.668411 0.874285 0.686419 0.888125 0.690221 0.898855 0.690221 0.906471 0.697838 0.920313 0.685677 0.919271 0.669804
0 0.873933 0.594348 0.857669 0.607513 0.852825 0.618932 0.849363 0.634154 0.825481 0.631732 0.821329 0.618580 0.834141 0.612357 0.845561 0.603699 0.845899 0.579480 0.852825 0.573933 0.865287 0.576015 0.870469 0.582930
0 0.998698 0.460019 0.994179 0.460937 0.989935 0.467201 0.997305 0.478594 0.998698 0.479017
0 0.902527 0.476172 0.892487 0.477904 0.886601 0.483086 0.886953 0.486198 0.906679 0.484480 0.921549 0.481706 0.931941 0.484480 0.938165 0.491393 0.928139 0.499700 0.916015 0.505234 0.896641 0.510781 0.887643 0.506627 0.883829 0.503164 0.870339 0.510781 0.855795 0.505938 0.860651 0.497279 0.869649 0.486901 0.869297 0.474440 0.875873 0.465443 0.879337 0.461289 0.869987 0.452630 0.865833 0.444674 0.862031 0.430143 0.869649 0.415951 0.881407 0.414570 0.887643 0.422174 0.889713 0.434297 0.891797 0.442252 0.902175 0.445717 0.909441 0.423216 0.914635 0.410065 0.929857 0.405911 0.950625 0.393802 0.967591 0.387226 0.974505 0.394492 0.976927 0.416992 0.972773 0.423567 0.970351 0.447097 0.954779 0.458177 0.943359 0.454023 0.951315 0.425300 0.939205 0.451249 0.931941 0.454714 0.912213 0.455403 0.909101 0.468204
0 0.845665 0.483542 0.831251 0.480729 0.813633 0.482735 0.796419 0.492344 0.804817 0.504766 0.820443 0.503164 0.840065 0.500351 0.846067 0.494753
0 0.701511 0.452305 0.695963 0.469141 0.711927 0.471927 0.729545 0.479936 0.738347 0.484740 0.741953 0.491146 0.755573 0.496744 0.763581 0.516771 0.759975 0.541198 0.752343 0.560025 0.767579 0.575235 0.765183 0.588854 0.748763 0.592058 0.763177 0.608476 0.745561 0.626485 0.708725 0.626094 0.710039 0.637657 0.701393 0.651159 0.686537 0.665729 0.674401 0.685794 0.651225 0.690637 0.647409 0.667461 0.667161 0.649115 0.677369 0.619089 0.690183 0.596576 0.673203 0.593137 0.665599 0.577917 0.652461 0.592448 0.641731 0.585521 0.649701 0.559896 0.659713 0.553698 0.673567 0.558541 0.686015 0.564427 0.704713 0.567513 0.710599 0.579961 0.706081 0.591055 0.713007 0.593137 0.729257 0.576876 0.735143 0.546771 0.728307 0.507278 0.708515 0.503998 0.698945 0.486015 0.674727 0.474362 0.678647 0.454909 0.685821 0.446862 0.694179 0.446249
0 0.043711 0.709909 0.037487 0.716485 0.039557 0.736563 0.022943 0.742786 0.008411 0.730339 0.002187 0.723412 0.000000 0.724072 0.000000 0.693665 0.001485 0.693307 0.031601 0.692266 0.041641 0.696758
0 0.051563 0.767448 0.044271 0.750911 0.032291 0.753255 0.022135 0.767317 0.022631 0.787214 0.042969 0.786458
0 0.141263 0.710872 0.141863 0.715950 0.147239 0.723437 0.160403 0.731811 0.172669 0.741980 0.171471 0.755443 0.148437 0.770091 0.118229 0.773086 0.105665 0.748854 0.118529 0.734805 0.124205 0.712969 0.110455 0.727617 0.097591 0.721341 0.097291 0.712670 0.080247 0.718346 0.068581 0.717748 0.066185 0.698307 0.074557 0.691133 0.096093 0.693815 0.115235 0.674376 0.133191 0.679766 0.160403 0.681562 0.190613 0.679766 0.208867 0.682162 0.227709 0.689935 0.252527 0.698307 0.250443 0.709674 0.238777 0.725234 0.239375 0.746172 0.225013 0.747956 0.212449 0.732409 0.210351 0.710274 0.175963 0.708177
0 0.344661 0.779362 0.314753 0.768307 0.299193 0.768008 0.297995 0.780560 0.311757 0.788347 0.327305 0.796419 0.339869 0.790130
0 0.377605 0.807812 0.373971 0.798815 0.355729 0.803894 0.354949 0.817318 0.364713 0.824479 0.373673 0.819154
0 0.425899 0.900821 0.415703 0.886458 0.405507 0.873020 0.387435 0.867929 0.377239 0.884140 0.391147 0.904531 0.401341 0.915651 0.395313 0.939270 0.392071 0.961979 0.404115 0.964766 0.412917 0.949011 0.427747 0.937891 0.431459 0.920742 0.428673 0.911016
0 0.264231 0.689558 0.261471 0.704102 0.254897 0.719323 0.250391 0.739050 0.259049 0.742513 0.287423 0.732474 0.299193 0.719323 0.301967 0.715170 0.313385 0.720717 0.322721 0.716563 0.342109 0.726249 0.370481 0.734896 0.385027 0.728672 0.409245 0.725208 0.423777 0.716211 0.424817 0.705143 0.387097 0.702017 0.363567 0.709636 0.353177 0.693021 0.324739 0.698567 0.287773 0.683333 0.275665 0.683333
0 0.220977 0.576393 0.189141 0.553204 0.182213 0.563242 0.191211 0.589545 0.201601 0.618620 0.218203 0.620000 0.244167 0.618620 0.254897 0.606849 0.249011 0.586771 0.237591 0.581589
0 0.151067 0.532448 0.126837 0.567044 0.128919 0.571901 0.088425 0.612382 0.073203 0.622083 0.046199 0.625195 0.047929 0.638346 0.071811 0.643880 0.095703 0.648047 0.141719 0.608580 0.161107 0.569465 0.167683 0.551471
0 0.379831 0.496002 0.371523 0.506029 0.337605 0.508803 0.318919 0.494609 0.293997 0.519882 0.273933 0.535456 0.254897 0.578021 0.291927 0.594284 0.337955 0.595677 0.323763 0.565222 0.340377 0.541680 0.388139 0.528190 0.387449 0.501536
0 0.538333 0.542031 0.543529 0.555521 0.568451 0.549296 0.564987 0.531992 0.549415 0.518841 0.522761 0.508112 0.513763 0.502917 0.531757 0.482851 0.520691 0.474192 0.480535 0.481810 0.463243 0.474192 0.481237 0.440976 0.476731 0.430938 0.461511 0.433359 0.442123 0.449974 0.456315 0.412592 0.488463 0.398086 0.487943 0.378255 0.531341 0.355768 0.531341 0.342891 0.540209 0.327592 0.546785 0.354935 0.549609 0.362761 0.563151 0.359635 0.571355 0.348711 0.574817 0.339362 0.554739 0.332096 0.555091 0.325169 0.580001 0.322395 0.599037 0.330703 0.621185 0.322058 0.628113 0.311328 0.615299 0.303710 0.583125 0.297135 0.616445 0.269492 0.648737 0.267409 0.659505 0.276966 0.676563 0.276679 0.672787 0.251250 0.630365 0.248438 0.635547 0.244844 0.668399 0.241627 0.668815 0.223633 0.676393 0.204804 0.660403 0.199192 0.631953 0.220417 0.611537 0.193594 0.588725 0.204804 0.605507 0.233633 0.585091 0.229622 0.572291 0.238438 0.577891 0.258868 0.559479 0.262083 0.540273 0.301289 0.527057 0.297695 0.513829 0.308907 0.512109 0.331640 0.509505 0.330338 0.509441 0.311328 0.485795 0.290117 0.474583 0.299323 0.482553 0.343750 0.434545 0.395012 0.427083 0.409636 0.420183 0.454167 0.410521 0.472708 0.392083 0.481914 0.397305 0.499115 0.418933 0.504713 0.436927 0.485508 0.450157 0.484297 0.458985 0.491498 0.505013 0.523139
0 0.629285 0.391901 0.611199 0.392930 0.598269 0.404049 0.602149 0.424479 0.578907 0.432032 0.576041 0.420834 0.583789 0.408190 0.571381 0.404831 0.554037 0.399089 0.536459 0.377735 0.543463 0.367852 0.563673 0.369922 0.571093 0.380468 0.583269 0.386210 0.612747 0.371471 0.637045 0.368632 0.660573 0.371732 0.672721 0.381041 0.680729 0.404049 0.679949 0.418881 0.661093 0.420338 0.654623 0.401471 0.647917 0.392968
0 0.619545 0.487058 0.612787 0.481653 0.601967 0.483203 0.595027 0.492083 0.607187 0.500964 0.618971 0.495364
0 0.148567 0.510938 0.161731 0.507174 0.172799 0.516171 0.175911 0.532032 0.188373 0.539714 0.225755 0.542825 0.245821 0.523790 0.260417 0.514844 0.262501 0.503385 0.248593 0.496797 0.254127 0.485377 0.267969 0.478112 0.276277 0.472565 0.284583 0.461836 0.283203 0.450416 0.295183 0.449349 0.307031 0.442579 0.311927 0.432774 0.331653 0.431042 0.340313 0.436576 0.338919 0.453529 0.340313 0.464258 0.351029 0.462188 0.363151 0.452839 0.383217 0.440039 0.379765 0.426536 0.361757 0.418919 0.342735 0.424805 0.335117 0.414076 0.323347 0.407499 0.343073 0.391927 0.353803 0.382239 0.347579 0.370130 0.335117 0.370469 0.341003 0.361133 0.360039 0.347630 0.375261 0.331706 0.369727 0.322709 0.358307 0.319948 0.358647 0.303333 0.366953 0.293646 0.377683 0.288099 0.399141 0.280833 0.408139 0.265950 0.402605 0.261796 0.402943 0.245885 0.393255 0.242774 0.376641 0.257657 0.366263 0.267682 0.354843 0.256262 0.341341 0.260768 0.340313 0.272526 0.323347 0.274610 0.326459 0.299179 0.330613 0.302643 0.332343 0.329986 0.324389 0.330325 0.316433 0.321680 0.300157 0.325130 0.299531 0.332617 0.304349 0.358633 0.305247 0.370299 0.299843 0.383178 0.307631 0.391861 0.295977 0.406224 0.279805 0.413697 0.276523 0.428646 0.264545 0.430730 0.228347 0.414284 0.208619 0.419961 0.212423 0.439687 0.231811 0.446264 0.227657 0.456654 0.233541 0.470144 0.228699 0.483294 0.216927 0.514441 0.205507 0.519988 0.181627 0.487800 0.162631 0.484376 0.145287 0.467031 0.124519 0.470144 0.121757 0.482253 0.136289 0.493333
0 0.805209 0.394388 0.795859 0.386081 0.780625 0.383659 0.780977 0.396119 0.787201 0.406498 0.792057 0.417227 0.807279 0.413763 0.806927 0.400964
0 0.758139 0.372930 0.752591 0.358737 0.738021 0.359375 0.731511 0.376041 0.729037 0.390235 0.736329 0.407187 0.746745 0.407942 0.749141 0.397499 0.750873 0.385040
0 0.526601 0.593046 0.519687 0.582317 0.510339 0.586471 0.504453 0.597891 0.512409 0.605495 0.520717 0.601341
0 0.638385 0.711054 0.625235 0.704831 0.603777 0.705520 0.597553 0.716588 0.606199 0.726979 0.616927 0.727670 0.632161 0.722135
0 0.546679 0.758125 0.528333 0.754662 0.514141 0.764011 0.515873 0.777851 0.538021 0.782005 0.553593 0.770924
0 0.830013 0.877486 0.852435 0.880690 0.885273 0.877486 0.896485 0.868672 0.879661 0.859062 0.894883 0.840235 0.906889 0.822226 0.916107 0.802604 0.914505 0.785781 0.877265 0.786589 0.868451 0.801797 0.866849 0.821016 0.853243 0.840235 0.838021 0.855052
0 0.618555 0.772031 0.644167 0.758880 0.679817 0.756458 0.699883 0.762005 0.724805 0.772031 0.726537 0.790378 0.722383 0.805611 0.707501 0.800064 0.697461 0.787265 0.675313 0.784492 0.650403 0.787956 0.625481 0.783451
0 0.671485 0.835417 0.653165 0.828789 0.630677 0.830182 0.629635 0.848178 0.647279 0.859244 0.667357 0.855794 0.673959 0.845052
0 0.730339 0.813541 0.748047 0.812239 0.782943 0.820144 0.788541 0.840495 0.796485 0.856119 0.803777 0.868229 0.799909 0.882435 0.801979 0.886250 0.815131 0.882435 0.823437 0.888671 0.822057 0.899740 0.813751 0.910469 0.801979 0.914271 0.803373 0.922578 0.816523 0.924310 0.813751 0.939193 0.792291 0.947499 0.764257 0.950612 0.744531 0.944726 0.732761 0.936433 0.740039 0.926041 0.762527 0.922239 0.771875 0.919128 0.778803 0.905625 0.778803 0.895586 0.768359 0.875911 0.745963 0.853776 0.731731 0.843672 0.700587 0.845755 0.691589 0.836068 0.702657 0.823946 0.716497 0.820833
0 0.862201 0.967227 0.864623 0.958580 0.848359 0.956848 0.836941 0.962030 0.821705 0.962030 0.817553 0.972422 0.827213 0.985547 0.845183 0.984896 0.853893 0.976576
0 0.920053 0.938542 0.905859 0.939193 0.901315 0.947149 0.889843 0.951693 0.883725 0.961979 0.899219 0.967969 0.909271 0.956848
0 0.982943 0.986067 0.970977 0.995690 0.959311 0.995990 0.958113 0.987019 0.964401 0.980130 0.975455 0.975951 0.982943 0.977149
0 0.575455 0.962578 0.562643 0.956966 0.553437 0.962578 0.549831 0.974583 0.560287 0.981771 0.572657 0.977787
0 0.972161 0.566889 0.963593 0.560456 0.949115 0.561537 0.947501 0.570104 0.956615 0.580833 0.972695 0.586732 0.976459 0.577618
