0 0.966550 0.470977 0.959974 0.464739 0.943710 0.471315 0.937136 0.484817 0.940586 0.501080 0.945092 0.510077 0.956158 0.495885 0.957552 0.480313
0 0.039870 0.874089 0.030598 0.868489 0.019024 0.870026 0.016120 0.881224 0.023268 0.887800 0.034662 0.886640 0.038516 0.882774
0 0.155938 0.854584 0.146666 0.849948 0.137006 0.849558 0.130248 0.857669 0.135846 0.867136 0.146666 0.870026 0.155742 0.861536
0 0.143516 0.757891 0.132148 0.752461 0.119480 0.755313 0.120508 0.775222 0.131628 0.776511 0.144818 0.769011
0 0.507486 0.750481 0.502852 0.738906 0.491264 0.735195 0.482930 0.748632 0.488490 0.760209 0.494974 0.780599 0.493580 0.794036 0.481068 0.787083 0.465782 0.781523 0.448646 0.790794 0.426406 0.804687 0.420846 0.812566 0.435208 0.819050 0.444466 0.830638 0.461146 0.833411 0.468568 0.820912 0.481536 0.814427 0.494050 0.822292 0.513502 0.831107 0.522304 0.851028 0.551498 0.860756 0.575586 0.832487 0.533424 0.822761 0.522774 0.809792 0.520456 0.786627 0.556132 0.769479 0.549180 0.756511 0.523698 0.756511
0 0.711796 0.908932 0.725704 0.896888 0.751640 0.893190 0.778984 0.888555 0.782682 0.876510 0.764154 0.867709 0.723386 0.880208 0.698372 0.896888 0.692344 0.902447 0.687252 0.871875 0.671028 0.868164 0.654348 0.860287 0.640912 0.844075 0.620534 0.847773 0.620066 0.859831 0.639986 0.873724 0.643698 0.887630 0.652956 0.898749 0.666394 0.908007
0 0.682148 0.819987 0.669180 0.807006 0.646940 0.804232 0.632578 0.815808 0.634896 0.827852 0.658516 0.838047 0.675196 0.837591
0 0.723386 0.860756 0.720144 0.827396 0.720598 0.802369 0.727096 0.788945 0.732188 0.771797 0.729870 0.755586 0.748398 0.731028 0.761836 0.698124 0.741458 0.689791 0.721992 0.702305 0.712266 0.723607 0.701146 0.742604 0.709948 0.765313 0.696054 0.780130 0.685860 0.793112 0.702070 0.801913 0.691420 0.826003 0.689558 0.844075 0.696980 0.853333
0 0.683998 0.729635 0.683072 0.704154 0.668710 0.694426 0.655274 0.707396 0.658516 0.730560 0.671498 0.739830
0 0.853580 0.694426 0.844310 0.676823 0.824844 0.667552 0.814662 0.674961 0.825312 0.697200 0.829480 0.715742 0.834584 0.736588 0.846628 0.737513 0.854036 0.712032
0 0.799348 0.774609 0.794128 0.760404 0.779596 0.751406 0.768880 0.763150 0.775782 0.785026 0.794792 0.787369
0 0.964402 0.837578 0.951250 0.831003 0.936028 0.833072 0.931172 0.846927 0.939140 0.860078 0.951250 0.860769 0.958868 0.847955
0 0.890690 0.716445 0.877188 0.703985 0.867500 0.715066 0.867838 0.729947 0.880652 0.735833 0.891380 0.727174
0 0.951250 0.564518 0.938098 0.557591 0.920104 0.559323 0.908684 0.571445 0.911106 0.586666 0.926680 0.593593 0.938098 0.579740
0 0.813516 0.452383 0.804506 0.443047 0.787200 0.438893 0.775442 0.445469 0.768868 0.467266 0.768516 0.482839 0.777514 0.494948 0.797240 0.494948 0.809010 0.477995
0 0.866458 0.371745 0.855040 0.358255 0.843268 0.350286 0.825964 0.346836 0.820092 0.358255 0.831510 0.367943 0.823204 0.378672 0.816966 0.383163 0.814896 0.393555 0.829778 0.393203 0.822852 0.401511 0.816628 0.408776 0.818698 0.418463 0.838086 0.419857 0.860924 0.415703 0.872396 0.407682 0.873724 0.389739
0 0.921836 0.332643 0.908334 0.332643 0.896914 0.340261 0.892760 0.351680 0.902448 0.359635 0.918372 0.354792 0.922526 0.345794
0 0.944010 0.297396 0.934986 0.293191 0.919752 0.300455 0.923216 0.311875 0.937370 0.311589 0.944010 0.302213
0 0.877878 0.246809 0.865416 0.245429 0.851236 0.248542 0.845000 0.265157 0.858502 0.275534 0.876848 0.271732 0.884454 0.257891
0 0.780624 0.341979 0.783060 0.327109 0.765052 0.327109 0.756744 0.335065 0.752252 0.349947 0.769206 0.354792 0.780976 0.349947
0 0.782356 0.370716 0.768178 0.366563 0.748790 0.371054 0.742566 0.383515 0.737018 0.390091 0.730794 0.393555 0.733906 0.399779 0.748450 0.399779 0.762630 0.395977 0.775782 0.388710 0.780976 0.380404
0 0.473658 0.613658 0.472956 0.636497 0.471236 0.654154 0.470886 0.671458 0.466732 0.682187 0.452890 0.678385 0.442500 0.680807 0.442852 0.690143 0.459804 0.698802 0.466042 0.696381 0.467422 0.716445 0.480924 0.725104 0.491992 0.716107 0.490260 0.700183 0.497540 0.697070 0.505144 0.704337 0.533178 0.704337 0.538724 0.693958 0.531446 0.683919 0.493386 0.679414 0.484726 0.678385 0.491992 0.661770 0.505834 0.634075 0.504454 0.619896 0.491992 0.607774 0.482682 0.604687
0 0.998698 0.402682 0.991810 0.407643 0.984896 0.419401 0.987318 0.429441 0.998698 0.428487
0 0.644688 0.322851 0.632226 0.324570 0.622540 0.333230 0.624960 0.345690 0.634310 0.349154 0.645040 0.342916 0.650912 0.331120
0 0.622890 0.270937 0.615274 0.266784 0.603502 0.269896 0.595196 0.280964 0.586550 0.293776 0.595546 0.301042 0.610808 0.294792 0.620118 0.284088
0 0.546054 0.305885 0.536706 0.303125 0.522174 0.308307 0.516290 0.314883 0.522174 0.328385 0.539128 0.327005 0.550520 0.318360
0 0.718412 0.233216 0.705950 0.224206 0.694532 0.229062 0.685872 0.240482 0.672370 0.243932 0.673764 0.261940 0.687604 0.265742 0.698334 0.265742 0.705950 0.273359 0.719792 0.261198 0.718750 0.245325
0 0.673412 0.169869 0.657148 0.183034 0.652304 0.194453 0.648842 0.209675 0.624960 0.207253 0.620808 0.194101 0.633620 0.187877 0.645040 0.179219 0.645378 0.155000 0.652304 0.149453 0.664766 0.151536 0.669948 0.158450
0 0.885248 0.035677 0.873632 0.028867 0.863620 0.040078 0.864844 0.052083 0.878438 0.052096 0.882838 0.046485
0 0.824714 0.043165 0.819792 0.034895 0.804610 0.034232 0.793658 0.036458 0.789414 0.042722 0.796784 0.054115 0.812200 0.058802 0.821132 0.051653
0 0.702006 0.051693 0.691966 0.053425 0.686080 0.058607 0.686432 0.061718 0.706158 0.060000 0.721028 0.057227 0.731420 0.060000 0.737644 0.066913 0.727618 0.075221 0.715494 0.080755 0.696120 0.086302 0.687122 0.082148 0.683308 0.078685 0.669818 0.086302 0.655274 0.081459 0.660130 0.072799 0.669128 0.062422 0.668776 0.049961 0.675352 0.040964 0.678816 0.036810 0.669466 0.028151 0.665312 0.020195 0.661510 0.005664 0.664550 0.000000 0.687516 0.000000 0.689192 0.009817 0.691276 0.017773 0.701654 0.021238 0.708512 0.000000 0.772158 0.000000 0.769830 0.022618 0.754258 0.033697 0.742838 0.029544 0.750794 0.000820 0.738684 0.026770 0.731420 0.030234 0.711692 0.030924 0.708580 0.043724
0 0.645144 0.059063 0.630730 0.056250 0.613112 0.058255 0.595898 0.067865 0.604296 0.080286 0.619922 0.078685 0.639544 0.075872 0.645546 0.070274
0 0.500990 0.027826 0.495442 0.044662 0.511406 0.047448 0.529024 0.055456 0.537826 0.060261 0.541432 0.066667 0.555052 0.072265 0.563060 0.092292 0.559454 0.116719 0.551822 0.135546 0.567058 0.150755 0.564662 0.164375 0.548242 0.167579 0.562656 0.183997 0.545040 0.202005 0.508204 0.201615 0.509518 0.213178 0.500872 0.226680 0.486016 0.241250 0.473880 0.261315 0.450704 0.266158 0.446888 0.242982 0.466640 0.224636 0.476848 0.194609 0.489662 0.172097 0.472682 0.168658 0.465078 0.153438 0.451940 0.167969 0.441210 0.161042 0.449180 0.135417 0.459192 0.129219 0.473046 0.134062 0.485494 0.139948 0.504192 0.143033 0.510078 0.155482 0.505560 0.166576 0.512486 0.168658 0.528736 0.152396 0.534622 0.122292 0.527786 0.082799 0.507994 0.079519 0.498424 0.061536 0.474206 0.049882 0.478126 0.030430 0.485300 0.022383 0.493658 0.021770
0 0.000000 0.256587 0.008346 0.257683 0.027188 0.265456 0.052006 0.273828 0.049922 0.285195 0.038256 0.300755 0.038854 0.321693 0.024492 0.323476 0.011928 0.307930 0.009830 0.285795 0.000000 0.285195
0 0.144140 0.354883 0.114232 0.343828 0.098672 0.343529 0.097474 0.356081 0.111236 0.363867 0.126784 0.371940 0.139348 0.365651
0 0.177084 0.383333 0.173450 0.374336 0.155208 0.379414 0.154428 0.392839 0.164192 0.399999 0.173152 0.394675
0 0.225378 0.476342 0.215182 0.461979 0.204986 0.448541 0.186914 0.443450 0.176718 0.459661 0.190626 0.480052 0.200820 0.491172 0.194792 0.514791 0.191550 0.537500 0.203594 0.540286 0.212396 0.524532 0.227226 0.513412 0.230938 0.496263 0.228152 0.486537
0 0.063710 0.265078 0.060950 0.279622 0.054376 0.294844 0.049870 0.314571 0.058528 0.318033 0.086902 0.307995 0.098672 0.294844 0.101446 0.290691 0.112864 0.296237 0.122200 0.292084 0.141588 0.301770 0.169960 0.310417 0.184506 0.304193 0.208724 0.300729 0.223256 0.291732 0.224296 0.280664 0.186576 0.277538 0.163046 0.285156 0.152656 0.268541 0.124218 0.274088 0.087252 0.258853 0.075144 0.258853
0 0.020456 0.151914 0.000000 0.137014 0.000000 0.191119 0.001080 0.194141 0.017682 0.195521 0.043646 0.194141 0.054376 0.182370 0.048490 0.162292 0.037070 0.157110
0 0.179310 0.071523 0.171002 0.081550 0.137084 0.084323 0.118398 0.070130 0.093476 0.095403 0.073412 0.110977 0.054376 0.153542 0.091406 0.169805 0.137434 0.171198 0.123242 0.140743 0.139856 0.117200 0.187618 0.103711 0.186928 0.077057
0 0.337812 0.117552 0.343008 0.131042 0.367930 0.124817 0.364466 0.107513 0.348894 0.094362 0.322240 0.083633 0.313242 0.078437 0.331236 0.058372 0.320170 0.049713 0.280014 0.057331 0.262722 0.049713 0.280716 0.016497 0.276210 0.006459 0.260990 0.008880 0.241602 0.025495 0.251281 0.000000 0.224262 0.000000 0.219662 0.029688 0.210000 0.048229 0.191562 0.057435 0.196784 0.074636 0.218412 0.080234 0.236406 0.061029 0.249636 0.059818 0.258464 0.067019 0.304492 0.098659
0 0.401628 0.000000 0.378386 0.007553 0.376453 0.000000
0 0.419024 0.062579 0.412266 0.057174 0.401446 0.058724 0.394506 0.067604 0.406666 0.076485 0.418450 0.070885
0 0.000000 0.116246 0.025234 0.118346 0.045300 0.099310 0.059896 0.090365 0.061980 0.078906 0.048072 0.072318 0.053606 0.060898 0.067448 0.053633 0.075756 0.048086 0.084062 0.037357 0.082682 0.025937 0.094662 0.024870 0.106510 0.018099 0.111406 0.008295 0.131132 0.006563 0.139792 0.012097 0.138398 0.029049 0.139792 0.039779 0.150508 0.037709 0.162630 0.028360 0.182696 0.015560 0.179244 0.002057 0.174381 0.000000 0.143268 0.000000 0.142214 0.000326 0.141982 0.000000 0.076917 0.000000 0.076002 0.004167 0.064024 0.006251 0.050266 0.000000 0.008969 0.000000 0.011902 0.015208 0.031290 0.021785 0.027136 0.032175 0.033020 0.045664 0.028178 0.058815 0.016406 0.089961 0.004986 0.095508 0.000000 0.088788
0 0.326080 0.168567 0.319166 0.157838 0.309818 0.161992 0.303932 0.173412 0.311888 0.181016 0.320196 0.176862
0 0.437864 0.286575 0.424714 0.280352 0.403256 0.281041 0.397032 0.292109 0.405678 0.302500 0.416406 0.303190 0.431640 0.297656
0 0.346158 0.333646 0.327812 0.330183 0.313620 0.339532 0.315352 0.353372 0.337500 0.357526 0.353072 0.346445
0 0.629492 0.453007 0.651914 0.456211 0.684752 0.453007 0.695964 0.444192 0.679140 0.434583 0.694362 0.415756 0.706368 0.397747 0.715586 0.378125 0.713984 0.361302 0.676744 0.362110 0.667930 0.377317 0.666328 0.396536 0.652722 0.415756 0.637500 0.430573
0 0.418034 0.347551 0.443646 0.334401 0.479296 0.331979 0.499362 0.337526 0.524284 0.347551 0.526016 0.365899 0.521862 0.381132 0.506980 0.375585 0.496940 0.362786 0.474792 0.360013 0.449882 0.363477 0.424960 0.358972
0 0.470964 0.410938 0.452644 0.404310 0.430156 0.405703 0.429114 0.423699 0.446758 0.434765 0.466836 0.431315 0.473438 0.420573
0 0.529818 0.389062 0.547526 0.387760 0.582422 0.395665 0.588020 0.416016 0.595964 0.431640 0.603256 0.443749 0.599388 0.457956 0.601458 0.461770 0.614610 0.457956 0.622916 0.464192 0.621536 0.475260 0.613230 0.485990 0.601458 0.489791 0.602852 0.498099 0.616002 0.499831 0.613230 0.514714 0.591770 0.523020 0.563736 0.526133 0.544010 0.520247 0.532240 0.511954 0.539518 0.501562 0.562006 0.497760 0.571354 0.494649 0.578282 0.481146 0.578282 0.471107 0.567838 0.451432 0.545442 0.429297 0.531210 0.419193 0.500066 0.421275 0.491068 0.411589 0.502136 0.399467 0.515976 0.396354
0 0.661680 0.542748 0.664102 0.534101 0.647838 0.532369 0.636420 0.537551 0.621184 0.537551 0.617032 0.547943 0.626692 0.561068 0.644662 0.560417 0.653372 0.552097
0 0.719532 0.514063 0.705338 0.514714 0.700794 0.522670 0.689322 0.527214 0.683204 0.537500 0.698698 0.543490 0.708750 0.532369
0 0.782422 0.561588 0.770456 0.571210 0.758790 0.571511 0.757592 0.562540 0.763880 0.555651 0.774934 0.551471 0.782422 0.552669
0 0.828828 0.777592 0.813060 0.780183 0.806848 0.786381 0.809180 0.794661 0.823920 0.796718 0.836836 0.788711 0.839428 0.780442
0 0.374934 0.538098 0.362122 0.532487 0.352916 0.538098 0.349310 0.550104 0.359766 0.557292 0.372136 0.553308
0 0.771640 0.142409 0.763072 0.135976 0.748594 0.137058 0.746980 0.145624 0.756094 0.156354 0.772174 0.162252 0.775938 0.153139
0 0.083320 0.743854 0.077292 0.753125 0.064792 0.754049 0.061080 0.743854 0.074986 0.735521
